ExeT_All=[[3102.600000,2959.984000,2875.024000,3063.872000,2976.160000,3016.896000,3253.776000,2900.472000,2912.272000,2980.376000,2728.088000,2891.960000,3340.352000,3065.544000,2917.496000,3541.800000,2859.248000,3213.120000,3163.472000,2973.232000,3366.824000,3120.384000,3063.008000,3028.056000,3032.344000,3194.456000,2870.392000,2915.120000,3090.784000,2997.656000],[4489.664000,4299.024000,4215.272000,4620.416000,4530.224000,4208.680000,4531.160000,4257.232000,4278.888000,4505.720000,4106.616000,3964.936000,4514.896000,4326.144000,4270.256000,4506.640000,4452.232000,4564.640000,4621.072000,4684.888000,4559.384000,4585.488000,4582.160000,4761.040000,4474.960000,4512.008000,4617.000000,4244.712000,4322.728000,4123.912000],[6410.352000,5911.080000,5623.920000,6471.840000,6317.112000,6381.528000,6740.488000,5895.768000,6322.672000,6311.824000,6180.736000,5776.360000,6458.864000,6428.296000,6038.480000,6755.312000,6350.992000,6554.160000,6508.352000,6094.192000,6490.144000,6336.344000,6583.200000,6617.448000,6407.176000,6939.408000,6730.336000,6352.024000,5835.944000,5688.528000],[8079.432000,7791.112000,7755.096000,8139.192000,7852.960000,8165.072000,8537.416000,7604.896000,7690.424000,7890.192000,7345.664000,7947.304000,8454.704000,7996.920000,7959.544000,8230.112000,7918.784000,7715.056000,7956.912000,7886.032000,8016.032000,8097.984000,7914.280000,8404.744000,7789.648000,8403.352000,8398.368000,7894.800000,7538.808000,7795.720000]]
miss_All=[[410,278,208,537,619,66,450,137,280,219,503,162,506,808,383,598,245,418,177,260,754,769,332,286,181,403,86,272,506,448],[1289,939,1314,1348,1344,1267,1301,1149,1147,1132,1340,1283,1089,1366,1031,1104,932,1099,1098,1229,1371,1339,1316,1137,1249,1312,1324,1294,1266,1178],[1832,1879,1834,1916,1881,1826,1859,1791,1881,1744,1872,1811,1832,1852,1878,1821,1880,1829,1788,1757,1890,1839,1869,1688,1832,1853,1843,1913,1800,1828],[2300,2353,2335,2336,2295,2239,2324,2277,2315,2230,2362,2243,2345,2353,2340,2309,2340,2301,2280,2226,2365,2279,2318,2270,2304,2304,2379,2364,2273,2285]]
ExeT=(3047.1589333333336,4424.399733333335,6317.096000000001,7972.352,)
miss=(376,1219,1837,2308,)
mean_misspercent=(38.97133098773643,85.52753101327512,93.64724271790236,95.01545517406382,)
mean_missinduced=(1007,24521,53163,68756,)
