ExeT_All=[[3124.344000,3003.048000,2938.992000,3137.656000,3005.960000,3092.672000,3285.704000,2878.872000,2987.496000,2801.528000,2732.936000,3073.864000,3517.928000,2974.864000,2710.792000,3571.328000,2952.064000,3272.600000,3179.752000,2790.832000,3270.320000,3149.272000,2987.192000,2992.360000,3131.720000,3115.160000,2981.632000,2887.168000,2977.488000,3041.368000],[4266.808000,4433.888000,4174.688000,4385.576000,4677.240000,4235.248000,4518.400000,4259.048000,4225.024000,4521.720000,4100.224000,3969.432000,4425.696000,4281.776000,4120.808000,4604.344000,4650.576000,4537.216000,4784.808000,4793.832000,4358.848000,4538.824000,4484.976000,4915.328000,4319.376000,4593.288000,4521.112000,4202.928000,4346.424000,4337.256000],[6385.928000,5942.840000,5614.680000,6018.192000,6241.800000,6347.120000,6621.104000,5861.904000,6395.160000,6096.976000,6121.184000,5893.912000,6351.936000,6695.120000,5847.328000,6806.648000,6446.608000,6416.424000,6408.960000,5907.984000,6323.736000,6442.896000,6636.096000,6458.288000,6479.200000,6725.624000,6723.096000,6282.864000,3619.080000,5837.672000],[7947.368000,7614.080000,7506.944000,7775.264000,7823.416000,7745.368000,8355.056000,7581.720000,7358.776000,7758.296000,7306.528000,7694.272000,8288.112000,7799.736000,7854.416000,8113.424000,7838.824000,7963.256000,7977.144000,7931.072000,7906.888000,8147.904000,7758.512000,8274.528000,7845.000000,8298.152000,8359.840000,7512.968000,7377.272000,7577.544000]]
miss_All=[[413,339,295,596,536,73,427,187,301,148,440,348,545,656,113,462,240,345,199,218,547,754,243,270,243,363,92,264,264,538],[1254,1212,1310,1315,1353,1258,1298,1266,1188,920,1328,1215,1088,1343,1145,1081,1219,1110,1069,1267,1356,1308,1289,1117,1157,1343,1321,1310,1250,1091],[1820,1845,1787,1852,1830,1791,1815,1772,1847,1708,1849,1775,1823,1843,1786,1786,1867,1813,1741,1739,1863,1809,1841,1730,1821,1854,1814,1878,1049,1822],[2268,2306,2280,2272,2248,2207,2267,2251,2277,2181,2311,2205,2280,2281,2286,2225,2301,2269,2231,2204,2319,2242,2254,2250,2308,2247,2301,2272,2244,2226]]
ExeT=(3052.2304000000004,4419.490399999999,6198.345333333333,7843.055999999999,)
miss=(348,1226,1785,2260,)
mean_misspercent=(35.99610879356525,86.20216773137064,92.9059224391303,94.61804110743067,)
mean_missinduced=(658,23252,51026,66220,)
