ExeT_All=[[3001.272000,3086.328000,2882.200000,2954.184000,3075.288000,3040.696000,3255.552000,3033.664000,2971.112000,2973.032000,2839.624000,2883.312000,3470.712000,2956.296000,2802.240000,3586.552000,2863.032000,3260.376000,3361.088000,2793.224000,3350.592000,3092.848000,3036.632000,3200.712000,3016.160000,3165.560000,2930.200000,2987.944000,3012.568000,3044.936000],[4455.784000,4282.384000,4335.416000,4378.160000,4776.824000,4376.688000,4599.392000,4289.536000,4190.072000,4523.008000,4187.648000,3895.728000,4429.360000,4347.432000,4127.784000,4722.648000,4451.320000,4640.632000,4686.680000,4793.776000,4384.344000,4576.944000,4538.120000,4978.576000,4390.752000,4537.048000,4545.400000,4332.728000,4512.744000,4249.480000],[6463.080000,5957.536000,5638.288000,6066.552000,6284.640000,6497.504000,6682.648000,5899.264000,6414.288000,6128.272000,6139.232000,5811.504000,6309.528000,6659.224000,6105.232000,6792.976000,6288.320000,6357.120000,6722.872000,5983.488000,6430.568000,6261.696000,6609.944000,6575.200000,6298.736000,6747.232000,6819.480000,6288.184000,6027.800000,6034.240000],[7893.248000,7690.488000,7590.768000,7528.096000,7802.360000,7689.488000,8326.808000,7602.616000,7500.464000,7593.888000,7389.408000,7606.632000,8019.976000,7793.680000,8047.536000,7945.088000,7971.416000,7855.440000,7800.112000,7613.584000,7833.472000,7934.312000,7815.528000,8093.632000,7773.800000,8373.160000,8293.552000,7673.024000,7309.792000,7337.224000]]
miss_All=[[332,329,324,547,868,88,410,210,257,397,476,85,388,611,124,608,219,393,213,268,784,709,267,352,128,318,134,245,441,430],[1289,694,1299,1299,1349,1213,1258,1268,1199,1130,1321,1190,907,1342,1044,1094,1109,959,1180,1172,1354,1323,1303,1097,1264,1340,1324,1290,1289,1074],[1806,1851,1807,1845,1841,1828,1826,1750,1867,1682,1842,1795,1825,1858,1828,1794,1859,1821,1773,1749,1846,1821,1842,1738,1805,1839,1827,1867,1803,1801],[2233,2317,2261,2104,2235,2174,2249,2230,2279,2154,2291,2203,2277,2284,2294,2234,2293,2275,2210,2177,2284,2248,2242,2203,2250,2248,2296,2311,2184,2216]]
ExeT=(3064.264533333334,4451.2136,6309.8216,7789.953066666666,)
miss=(365,1199,1814,2241,)
mean_misspercent=(37.80342991412015,84.18865965678283,93.22430807352248,94.08071624155698,)
mean_missinduced=(960,22619,52140,66026,)
