ExeT_All=[[3072.600000,2929.968000,3002.168000,3058.312000,2827.288000,3034.920000,3322.392000,2899.240000,3067.056000,2837.152000,2785.208000,2986.520000,3463.720000,2955.280000,2671.480000,3527.288000,2990.536000,3146.096000,3230.072000,2905.792000,3218.232000,3055.064000,2965.992000,3030.656000,3084.568000,3085.800000,2871.872000,2926.976000,2902.216000,2912.280000],[4331.832000,4318.968000,4213.312000,4339.504000,4621.384000,4484.224000,4478.928000,4323.856000,4218.312000,4593.488000,4044.160000,4034.696000,4572.824000,4130.056000,4149.592000,4356.880000,4500.768000,4511.400000,4576.752000,4532.288000,4528.592000,4526.776000,4390.488000,4832.936000,4451.840000,4271.032000,4589.440000,4376.728000,4323.176000,4261.816000],[6495.096000,5915.824000,5536.928000,6209.440000,6099.696000,6569.560000,6729.040000,5758.752000,6403.984000,5983.752000,5940.456000,5991.184000,6351.152000,6603.432000,6090.480000,6627.312000,6372.688000,6437.920000,6624.800000,5984.640000,6096.448000,6237.856000,6249.032000,6528.088000,6170.576000,6883.976000,6838.848000,6478.416000,5828.088000,5847.720000],[7810.520000,7731.408000,5116.568000,7812.384000,7727.456000,7624.912000,8234.624000,7396.648000,7406.168000,7433.832000,7269.496000,7545.496000,8037.000000,7729.696000,7687.664000,7795.280000,7921.136000,7779.328000,7733.824000,7667.480000,6035.328000,7889.056000,7820.960000,8050.160000,7686.016000,8407.520000,8027.664000,7845.328000,7422.200000,7609.448000]]
miss_All=[[503,289,250,326,61,70,523,239,92,106,260,16,598,613,45,702,152,409,137,192,649,583,377,440,252,151,39,117,159,418],[1205,1081,1181,1222,1107,1196,1184,1177,1239,808,1228,1248,1206,1386,976,1024,872,1021,794,1222,1310,1357,992,1035,785,1073,1281,1003,1298,761],[1744,1877,1777,1810,1834,1703,1883,1712,1803,1598,1754,1761,1619,1912,1748,1758,1636,1781,1610,1709,1829,1773,1687,1613,1671,1829,1771,1882,1778,1483],[2149,2328,1335,2206,2131,2042,2305,2217,2130,2109,2225,2084,2086,2337,2193,2103,2115,2221,2132,2073,1658,2282,2184,2096,2133,2246,2210,2289,2315,2189]]
ExeT=(3025.558133333333,4396.2016,6262.839466666666,7608.486666666667,)
miss=(292,1109,1744,2137,)
mean_misspercent=(30.240105605117098,77.919174005587,89.53270734448158,91.38192142543747,)
mean_missinduced=(768,23346,50120,63407,)
