ExeT_All=[[3189.328000,2984.128000,3039.384000,3007.320000,2961.768000,3085.800000,3183.112000,2898.480000,3029.208000,2981.680000,2797.672000,3016.144000,3394.032000,2891.856000,2647.800000,3593.104000,2944.624000,3320.608000,3192.400000,2757.680000,3274.816000,3124.640000,2980.120000,3230.312000,3086.320000,3125.896000,2893.808000,2806.888000,3006.320000,3087.600000],[4301.976000,4251.928000,4193.944000,4350.112000,4724.232000,4286.336000,4609.856000,4409.520000,4289.296000,4516.856000,4109.888000,4005.520000,4509.944000,4142.824000,4252.224000,4415.920000,4549.032000,4614.528000,4634.112000,4821.872000,4448.968000,4433.040000,4560.784000,4681.576000,4393.696000,4488.120000,4528.024000,4360.928000,4275.128000,4327.024000],[6449.768000,5881.600000,5505.904000,6302.064000,6295.880000,6456.912000,6434.840000,5781.232000,6353.208000,5908.376000,6052.704000,5900.168000,6350.952000,6555.576000,5938.248000,6772.896000,6282.400000,6324.064000,6616.672000,5883.912000,6220.112000,6372.584000,6448.352000,6451.200000,6284.200000,6756.416000,6672.008000,6275.520000,6026.120000,5815.784000],[7971.336000,7610.904000,7530.248000,7746.136000,7630.088000,7719.424000,8035.176000,7493.104000,7501.160000,7468.480000,7341.040000,7661.912000,8058.680000,7744.240000,7801.944000,7875.488000,7939.264000,7900.320000,7872.504000,7731.832000,7861.904000,7832.008000,7616.328000,8185.264000,7920.648000,8415.248000,8216.024000,7565.240000,7289.288000,7512.312000]]
miss_All=[[354,305,287,384,719,164,318,173,185,346,230,86,291,567,69,637,153,345,90,41,901,735,148,124,409,355,95,60,265,436],[1240,1088,1119,1273,1055,1245,1257,1234,800,813,1266,1258,733,1317,1087,1018,863,1280,853,1273,1351,1307,923,906,832,1101,1266,1071,1236,841],[1715,1871,1749,1817,1758,1636,1816,1611,1810,1605,1766,1776,1612,1855,1738,1791,1709,1763,1653,1699,1802,1782,1724,1672,1664,1758,1745,1881,1826,1479],[2219,2338,2219,2216,2118,2088,2289,2189,2194,2123,2206,2091,2144,2341,2256,2132,2216,2220,2101,2080,2196,2248,2158,2158,2206,2192,2202,2251,2282,2189]]
ExeT=(3051.094933333334,4416.240266666666,6245.655733333334,7768.251466666667,)
miss=(309,1096,1736,2195,)
mean_misspercent=(32.03449101422388,76.98685696857748,89.17855107650466,91.92103735313364,)
mean_missinduced=(1248,23963,50058,65010,)
