ExeT_All=[[3423.520000,2916.280000,2944.512000,2990.984000,2999.480000,3196.224000,3371.264000,3167.376000,3001.624000,3416.328000,2805.648000,3164.448000,3614.304000,3165.792000,2861.792000,3855.848000,2947.496000,3286.544000,3406.192000,2846.768000,3506.504000,3336.480000,3092.704000,3127.544000,3133.320000,3341.512000,2939.360000,3057.624000,3203.192000,3077.384000],[4860.720000,4643.568000,4661.808000,4648.544000,4778.224000,4728.736000,4773.392000,4630.696000,4296.104000,4801.936000,4455.824000,4369.480000,4804.312000,4754.360000,4592.984000,4891.248000,4652.840000,4930.536000,5045.048000,4918.344000,4840.928000,4916.680000,4695.016000,5147.608000,4629.144000,4861.896000,4874.688000,4489.728000,4647.896000,4555.896000],[7078.280000,6295.680000,6208.344000,6682.168000,6606.240000,6807.480000,6876.256000,6277.248000,6481.640000,6264.584000,6381.504000,6103.432000,6734.784000,6895.416000,6741.576000,7313.880000,6622.200000,6559.288000,7067.808000,6377.336000,7022.896000,6786.648000,6901.792000,6958.000000,6579.808000,7252.688000,6949.256000,6719.784000,6065.792000,6041.936000],[8490.368000,8208.352000,8538.272000,8436.984000,8245.888000,8286.504000,8664.888000,8203.480000,7601.048000,8098.336000,7738.952000,7955.336000,8734.672000,8457.488000,8537.624000,8702.240000,8247.248000,8710.704000,8666.432000,7988.088000,8510.320000,8632.120000,8221.080000,8827.640000,8458.488000,9138.320000,8650.920000,8353.856000,7788.136000,8031.008000]]
miss_All=[[571,293,160,524,511,171,469,439,242,576,517,206,887,782,141,550,172,476,263,501,876,800,322,412,176,477,91,339,390,397],[1384,1316,1408,1406,1429,1402,1393,1335,1353,1187,1405,1361,1040,1438,1308,1151,1381,1026,1306,1345,1422,1432,1383,1252,1385,1442,1376,1369,1380,1281],[1933,1989,1921,1972,1972,1912,1945,1897,1951,1820,1950,1921,1957,1940,1949,1908,1952,1946,1925,1870,1974,1940,1951,1722,1918,1940,1923,1977,1926,1920],[2412,2487,2453,2466,2472,2409,2421,2421,2448,2373,2471,2361,2485,2444,2436,2392,2452,2447,2446,2346,2449,2448,2425,2421,2424,2460,2428,2455,2415,2428]]
ExeT=(3173.2682666666665,4729.939466666666,6655.124799999997,8370.8264,)
miss=(424,1336,1927,2433,)
mean_misspercent=(42.623665023320896,88.61015414124564,94.18574782959772,95.59258489837735,)
mean_missinduced=(0,0,0,0,)
