ExeT_All=[[3442.368000,2973.848000,3029.848000,3035.024000,3019.656000,3178.160000,3403.864000,3120.248000,3088.528000,3386.192000,2820.720000,3112.968000,3349.320000,3254.760000,3078.928000,3800.472000,3026.928000,3307.432000,3133.064000,2874.888000,3635.592000,3306.552000,3080.472000,3123.640000,3158.456000,3130.784000,3073.872000,2983.776000,2954.384000,2880.264000],[4829.024000,4508.264000,4514.160000,4622.552000,4999.432000,4669.720000,4829.352000,4545.520000,4478.608000,4708.536000,4329.376000,4312.456000,4955.992000,5020.416000,4691.256000,4873.616000,4727.040000,4869.472000,4871.408000,4999.392000,4750.472000,4821.504000,4801.496000,5140.752000,4574.560000,4744.528000,4757.736000,4548.496000,4805.656000,4579.320000],[7063.352000,6182.784000,5925.528000,6658.416000,6624.592000,6918.496000,6813.688000,6106.472000,6434.856000,6265.168000,6280.888000,6251.112000,6839.408000,6900.952000,6564.272000,7169.304000,6546.360000,6735.888000,6890.112000,6403.536000,7118.760000,6882.832000,6702.168000,7030.328000,6577.512000,7285.432000,6924.600000,6777.672000,6236.472000,6207.624000],[8521.056000,8194.696000,8087.344000,8404.856000,8284.608000,8164.040000,8849.936000,7871.520000,7781.264000,8013.032000,7688.624000,8053.128000,8640.200000,8361.400000,8452.776000,8904.128000,8329.456000,8615.248000,8465.848000,8000.072000,8482.464000,8768.448000,8190.352000,8797.008000,8332.808000,8955.040000,8780.232000,8243.840000,7911.384000,8239.952000]]
miss_All=[[583,212,129,331,281,230,276,332,46,592,233,25,376,805,222,711,181,474,262,393,938,524,260,65,283,131,16,69,329,381],[1324,936,1262,1385,1172,1416,1313,1210,780,945,1338,1304,1284,1495,1213,1097,983,1276,1087,1335,1425,1414,1279,1144,903,1184,1382,1383,1271,960],[1870,1801,1880,1935,1869,1827,1924,1840,1848,1752,1871,1854,1721,1966,1836,1847,1768,1878,1755,1833,1954,1987,1841,1758,1758,1851,1864,1980,1872,1554],[2318,2517,2391,2387,2366,2325,2453,2390,2421,2267,2369,2294,2313,2508,2335,2307,2407,2402,2305,2280,2417,2513,2317,2266,2291,2364,2365,2419,2489,2335]]
ExeT=(3158.8336,4729.337066666665,6643.952800000001,8346.158666666666,)
miss=(323,1216,1843,2371,)
mean_misspercent=(32.42409993763836,80.66525598759128,90.05623825542997,93.33234847688405,)
mean_missinduced=(0,0,0,0,)
