ExeT_All=[[3144.680000,2838.920000,2983.144000,3111.496000,3018.816000,3133.416000,3304.584000,2991.504000,3024.592000,3007.896000,2864.576000,2979.296000,3405.776000,3068.048000,2662.184000,3590.344000,2962.352000,3177.504000,3282.264000,2814.104000,3433.456000,2952.216000,2938.680000,3141.592000,3182.408000,3192.840000,2784.312000,2902.760000,2915.936000,3030.080000],[4443.752000,4251.264000,4152.520000,4445.056000,4559.240000,4172.080000,4715.080000,4211.016000,4230.768000,4536.024000,4103.800000,3974.592000,4421.632000,4352.664000,4177.104000,4457.120000,4571.632000,4573.920000,4601.200000,4791.688000,4545.280000,4484.608000,4512.216000,4828.440000,4549.112000,4451.168000,4488.272000,4329.232000,4394.568000,4334.360000],[6490.656000,5921.008000,5624.992000,6167.360000,6139.792000,6333.840000,6532.608000,5947.104000,6400.176000,5934.152000,5834.240000,5987.672000,6370.776000,6433.800000,5979.160000,6812.856000,6426.768000,6241.704000,6771.688000,5968.568000,6525.408000,6238.816000,6471.080000,6686.072000,6187.280000,6740.608000,6689.936000,6020.352000,6007.360000,5936.312000],[7802.504000,7647.616000,7437.824000,7683.576000,7653.344000,7609.224000,8351.344000,7712.496000,7266.800000,7602.832000,7322.992000,7406.512000,8266.256000,7571.176000,7849.456000,7779.056000,7878.992000,7605.448000,7680.552000,7834.432000,7747.088000,8081.400000,7675.400000,8322.248000,7653.184000,8416.856000,8054.856000,7764.472000,7383.496000,7576.072000]]
miss_All=[[359,314,382,543,453,111,524,241,219,328,557,108,519,688,101,535,210,409,340,550,865,677,356,395,223,356,87,240,258,540],[1286,909,1310,1292,1343,1216,1292,1285,1325,1093,1325,1271,858,1341,1053,1069,1252,1103,1201,1304,1359,1322,1302,1069,1237,1327,1314,1225,1253,1189],[1813,1844,1802,1834,1804,1753,1804,1794,1856,1714,1823,1810,1825,1806,1785,1794,1838,1792,1801,1737,1825,1816,1837,1654,1803,1824,1821,1849,1768,1787],[2222,2308,2227,2221,2205,2135,2180,2183,2213,2128,2245,2143,2266,2236,2247,2193,2266,2223,2186,2180,2259,2191,2218,2189,2120,2236,2219,2260,2167,2187]]
ExeT=(3061.3258666666666,4421.980266666666,6260.738133333332,7754.583466666667,)
miss=(382,1224,1800,2208,)
mean_misspercent=(39.65748245460171,86.03037033176521,93.07009359023832,94.1676305694193,)
mean_missinduced=(0,0,0,0,)
