ExeT_All=[[3082.640000,2973.168000,3023.576000,3117.208000,3020.984000,3073.936000,3223.480000,3083.544000,2967.128000,3024.896000,2769.216000,2949.464000,3406.096000,3150.728000,2706.656000,3605.592000,2924.408000,3357.824000,3125.088000,2796.704000,3285.832000,3057.816000,2893.152000,3083.992000,3081.576000,3125.560000,2992.416000,2843.352000,2924.072000,2946.624000],[4372.336000,4144.920000,4056.816000,4433.048000,4540.832000,4339.008000,4621.880000,4156.256000,4214.808000,4440.576000,4234.544000,4001.400000,4430.552000,4247.168000,4159.888000,4553.480000,4623.456000,4578.776000,4483.408000,4818.472000,4406.600000,4594.064000,4437.072000,4975.056000,4313.568000,4423.032000,4437.640000,4290.040000,4438.472000,4213.904000],[6424.752000,6060.736000,5645.664000,6362.664000,6239.248000,6569.136000,6649.312000,5931.632000,6340.568000,6007.512000,6237.568000,5864.368000,6325.920000,6640.064000,6152.664000,6816.176000,6348.648000,6652.984000,6579.408000,5971.240000,6317.096000,6505.608000,6415.152000,6672.664000,6344.264000,6892.368000,6662.000000,6150.968000,5965.224000,5866.656000],[7968.248000,7761.480000,7777.456000,7848.760000,7536.360000,7941.696000,8484.408000,7732.416000,7633.344000,7758.280000,7494.528000,7846.224000,8471.632000,7677.376000,8107.656000,8000.512000,8063.224000,7677.128000,8026.576000,7645.536000,8033.808000,8008.288000,7944.144000,8376.984000,7881.016000,8641.000000,8121.944000,7861.888000,7479.184000,7690.376000]]
miss_All=[[343,314,300,626,551,62,371,224,223,236,463,116,504,689,101,522,232,505,175,160,851,710,281,316,158,314,92,300,273,466],[1280,651,1291,1347,1348,1272,1305,1243,1293,921,1337,1266,795,1331,1122,1046,1232,1092,1023,1297,1360,1339,1312,1151,1158,1325,1317,1246,1267,1067],[1816,1882,1847,1898,1869,1808,1856,1789,1864,1684,1891,1829,1818,1869,1837,1817,1890,1859,1778,1752,1879,1842,1859,1721,1812,1861,1828,1898,1795,1780],[2279,2364,2301,2318,2276,2233,2289,2265,2294,2236,2343,2219,2342,2315,2345,2265,2357,2295,2276,2279,2333,2270,2292,2270,2282,2301,2307,2348,2255,2262]]
ExeT=(3053.8909333333336,4399.369066666666,6320.408799999999,7916.3823999999995,)
miss=(349,1201,1830,2293,)
mean_misspercent=(36.1645785045446,84.24100632316369,93.49585140747385,95.21909413993417,)
mean_missinduced=(987,24014,52532,68063,)
