ExeT_All=[[3063.328000,2898.504000,2873.296000,3124.016000,2923.544000,3029.392000,3258.888000,2862.488000,2941.712000,3105.096000,2678.704000,2883.216000,3494.072000,3072.632000,2711.304000,3423.168000,2814.680000,3236.840000,3173.944000,2868.928000,3213.872000,3117.776000,3181.280000,3036.800000,2981.056000,3292.408000,2859.520000,2957.640000,2924.840000,3080.248000],[4469.736000,4258.416000,4365.136000,4313.696000,4616.856000,4334.320000,4685.688000,4246.368000,4189.896000,4562.912000,4174.872000,4168.704000,4368.080000,4259.024000,4204.944000,4354.496000,4481.104000,4514.048000,4596.192000,4519.616000,4403.936000,4520.288000,4664.352000,4790.128000,4380.464000,4343.928000,4613.808000,4559.576000,4445.040000,4287.152000],[6432.808000,5906.312000,5499.728000,5960.088000,6085.080000,6475.432000,6493.120000,5724.336000,6102.728000,5909.960000,5721.704000,5991.312000,6166.488000,6448.552000,5837.096000,6922.200000,6251.424000,6256.704000,6626.432000,6112.416000,6445.136000,6336.192000,6663.016000,6520.640000,6133.712000,6781.480000,6701.648000,6127.200000,5889.992000,5763.672000],[8019.080000,7811.616000,7613.400000,7710.656000,7479.904000,7604.272000,8298.304000,7395.736000,7213.624000,7403.584000,7030.064000,7554.088000,8058.592000,7729.920000,7850.672000,7913.928000,7958.488000,7560.408000,7731.656000,7415.072000,7811.976000,8024.600000,7751.248000,8420.360000,7606.112000,8514.272000,8027.744000,7693.760000,7178.360000,7558.456000]]
miss_All=[[444,212,90,363,260,36,203,87,111,463,197,3,357,786,55,662,104,469,85,67,864,516,540,241,216,337,16,107,242,428],[1211,1103,1135,1255,1069,1215,1346,1118,681,838,1243,1238,789,1376,976,1005,865,1142,671,1183,1292,1293,1210,1030,844,1171,1287,1142,1303,966],[1708,1866,1757,1756,1722,1636,1833,1636,1756,1595,1729,1757,1538,1841,1796,1769,1658,1723,1625,1687,1811,1778,1724,1631,1646,1795,1746,1870,1728,1553],[2212,2319,2170,2168,2086,2002,2247,2161,2100,2021,2146,2107,2174,2286,2211,2074,2193,2187,2068,2037,2124,2222,2109,2130,2080,2194,2118,2250,2273,2149]]
ExeT=(3036.1063999999997,4423.0925333333325,6209.5536,7731.331733333334,)
miss=(285,1099,1722,2153,)
mean_misspercent=(29.52602902561949,77.26329681020191,89.16418116184788,91.60019705607003,)
mean_missinduced=(897,24347,49647,63825,)
