ExeT_All=[[3103.648000,3079.352000,2986.072000,3106.936000,2958.784000,3080.040000,3231.896000,2956.736000,2947.720000,3089.688000,2730.072000,2926.064000,3414.624000,3061.872000,2761.272000,3585.696000,2948.880000,3209.248000,3079.720000,2887.584000,3327.736000,3205.288000,3077.904000,3004.648000,3041.792000,3241.216000,2775.656000,2956.272000,2886.416000,2975.736000],[4334.448000,4339.088000,4324.248000,4425.592000,4608.408000,4182.416000,4527.312000,4216.960000,4219.392000,3884.912000,4261.472000,4041.160000,4694.768000,4173.176000,4135.912000,4448.248000,4616.056000,4513.704000,4610.904000,4761.536000,4394.072000,4442.656000,4460.040000,4995.872000,4323.920000,4481.912000,4405.872000,4227.024000,4311.864000,4317.792000],[6378.192000,5965.024000,5544.616000,6224.688000,6099.680000,6561.488000,6495.424000,5885.560000,6119.552000,5961.696000,6038.544000,5966.376000,6365.888000,6580.856000,6033.192000,6721.744000,6341.624000,6254.192000,6593.568000,5985.728000,6401.920000,6373.568000,6575.624000,6441.016000,6425.976000,6314.992000,6751.992000,6324.720000,5877.608000,5857.760000],[7779.728000,7811.256000,7696.272000,7731.032000,7617.224000,7630.032000,8244.656000,7718.504000,7206.680000,7379.880000,7257.304000,7552.080000,8182.544000,7797.104000,7774.776000,7997.560000,7833.808000,7778.872000,7751.448000,7640.256000,7716.136000,7874.768000,7643.240000,8361.080000,7881.352000,8346.520000,8193.328000,5649.832000,7174.192000,7508.832000]]
miss_All=[[345,329,349,602,684,81,458,249,276,315,414,99,486,737,232,519,212,386,197,240,653,757,474,338,206,405,80,321,310,537],[1271,823,1287,1311,1344,1263,1278,1278,1333,786,1333,1241,982,1333,1082,1090,1311,976,1050,1197,1360,1325,1309,1143,1242,1330,1285,1303,1272,1130],[1797,1848,1797,1826,1810,1767,1810,1763,1843,1694,1826,1773,1747,1824,1804,1777,1825,1815,1742,1740,1833,1792,1829,1630,1771,1738,1819,1868,1796,1785],[2205,2303,2248,2224,2205,2142,2218,2199,2247,2139,2236,2166,2263,2220,2229,2189,2254,2210,2188,2205,2251,2208,2217,2193,2176,2238,2221,1717,2149,2226]]
ExeT=(3054.6189333333327,4389.357866666666,6248.760266666667,7691.009866666666,)
miss=(376,1208,1789,2196,)
mean_misspercent=(38.903943148507324,85.45620218793137,92.71155581700971,94.17466901335456,)
mean_missinduced=(833,23290,51079,64596,)
