ExeT_All=[[3395.184000,2973.792000,3068.584000,3055.856000,3021.320000,3181.112000,3393.480000,3016.944000,3118.568000,3321.656000,2832.048000,3047.000000,3541.368000,3124.480000,2974.568000,3688.888000,2928.112000,3314.640000,3274.776000,2970.240000,3562.056000,3350.864000,3053.016000,3176.104000,3084.192000,3182.472000,3067.432000,3008.848000,3078.544000,3005.856000],[4838.368000,4511.872000,4592.552000,4710.744000,4920.840000,4578.400000,4726.504000,4544.856000,4322.360000,4721.776000,4452.496000,4438.040000,4787.872000,4822.376000,4728.192000,4909.816000,4689.216000,5034.312000,4918.408000,4935.040000,4830.384000,4822.864000,4756.840000,5192.920000,4681.784000,4957.688000,4887.248000,4612.864000,4659.992000,4569.608000],[7006.320000,6253.392000,5973.224000,6524.832000,6659.504000,6746.408000,6879.296000,6155.736000,6578.040000,6359.064000,6286.912000,6295.840000,6729.216000,6946.024000,6670.552000,7337.376000,6500.944000,6694.912000,7105.128000,6277.688000,6872.240000,6790.640000,6818.608000,7026.480000,6608.944000,7324.952000,7052.520000,6797.344000,6293.560000,6198.056000],[8644.664000,8223.608000,8281.432000,8516.008000,8382.832000,8157.488000,8626.792000,8269.608000,7749.400000,8003.816000,7870.056000,7928.184000,8751.184000,8407.176000,8541.400000,8819.584000,8310.600000,8563.272000,8556.720000,8089.480000,8533.808000,8558.840000,8395.640000,8740.272000,8358.504000,9030.312000,8706.872000,8244.896000,7864.576000,8047.880000]]
miss_All=[[432,209,147,344,400,26,431,29,204,502,305,119,375,787,49,704,98,381,191,94,897,667,55,415,101,300,30,31,329,403],[1317,859,1193,1367,1115,1330,1207,1195,867,965,1335,1269,764,1471,1211,1102,918,1103,842,1331,1381,1418,1280,1047,934,1148,1341,1146,1262,799],[1839,1949,1883,1932,1841,1814,1991,1694,1840,1750,1863,1856,1703,1978,1876,1842,1784,1833,1764,1836,1931,1922,1847,1705,1770,1904,1883,1959,1897,1548],[2373,2533,2404,2390,2384,2294,2431,2413,2391,2229,2364,2266,2289,2463,2323,2299,2406,2390,2341,2290,2419,2448,2314,2275,2301,2409,2361,2443,2451,2305]]
ExeT=(3160.4,4738.541066666667,6658.7917333333335,8372.4968,)
miss=(301,1150,1841,2366,)
mean_misspercent=(30.32399509365093,76.14818554013387,89.96027011521105,92.94877285098724,)
mean_missinduced=(0,0,0,0,)
