ExeT_All=[[3124.016000,3039.888000,2990.448000,3033.808000,2961.624000,3064.512000,3269.432000,2919.384000,2952.480000,2943.304000,2711.488000,2972.984000,3413.160000,2947.880000,2748.688000,3547.416000,2905.120000,3160.344000,3143.640000,2926.016000,3316.104000,3135.592000,2972.576000,3097.000000,3074.872000,3147.048000,2862.488000,2930.240000,3044.368000,2910.792000],[4457.392000,4299.000000,4224.176000,4225.704000,4596.400000,4384.752000,4541.888000,4331.432000,4135.384000,4462.904000,4105.080000,3928.728000,4528.600000,4356.168000,4228.656000,4561.728000,4639.832000,4614.568000,4641.200000,4740.952000,4468.960000,4554.816000,4538.584000,4843.760000,4390.568000,4495.616000,4567.448000,4233.808000,4355.152000,4264.520000],[6533.288000,5959.048000,5606.136000,6307.848000,6340.672000,6595.744000,6685.184000,5877.696000,6366.840000,6323.368000,6133.360000,5948.240000,6400.472000,6606.840000,6167.736000,6874.376000,6392.704000,6680.832000,6666.328000,6041.536000,6477.200000,6393.368000,6563.208000,6706.592000,6411.072000,6907.688000,6784.976000,6233.224000,5975.264000,5769.744000],[8174.848000,7808.720000,7698.576000,7981.576000,7969.408000,7883.480000,8546.440000,6399.944000,7567.152000,7785.128000,7517.008000,7341.112000,8264.040000,7891.800000,8048.328000,8124.688000,8015.512000,7881.960000,7746.200000,7894.720000,8076.872000,8071.400000,7950.936000,8349.760000,7966.376000,8673.584000,8359.672000,7851.640000,7530.656000,7712.032000]]
miss_All=[[330,290,196,490,307,47,349,106,206,189,457,119,460,590,130,441,168,337,145,110,610,700,293,270,144,313,79,268,302,403],[1297,683,1279,1253,1345,1258,1302,1063,1101,948,1337,1262,860,1338,1050,1062,1085,969,967,1197,1358,1339,1242,1126,1070,1282,1310,1227,1266,991],[1831,1870,1804,1899,1873,1764,1874,1773,1885,1684,1874,1799,1852,1856,1840,1810,1866,1820,1764,1805,1906,1820,1853,1716,1817,1839,1858,1897,1811,1781],[2292,2353,2331,2323,2324,2239,2312,1884,2322,2180,2387,2017,2343,2360,2343,2300,2375,2312,2255,2206,2369,2284,2302,2260,2297,2311,2384,2343,2266,2293]]
ExeT=(3042.2237333333333,4423.925866666667,6357.686133333334,7902.785599999999,)
miss=(294,1162,1828,2285,)
mean_misspercent=(30.449952728193075,81.52576353227798,93.24799232202972,94.91662814492334,)
mean_missinduced=(652,22094,52166,67833,)
