ExeT_All=[[3173.848000,2977.400000,2958.192000,3101.544000,2893.496000,3078.320000,3264.864000,2996.408000,2982.448000,2977.880000,2800.888000,3003.512000,3412.944000,2986.464000,2759.224000,3609.416000,2898.368000,3270.944000,3212.864000,2876.824000,3319.592000,3157.336000,3034.624000,3084.480000,3071.208000,3161.056000,2872.816000,2948.128000,2990.840000,2941.024000],[4412.840000,4270.376000,4307.464000,4397.192000,4648.624000,4337.480000,4492.984000,4268.992000,4291.288000,4524.552000,4200.776000,3982.776000,4531.216000,4291.168000,4222.648000,4534.200000,4637.792000,4577.568000,4717.368000,4784.856000,4348.440000,4534.856000,4469.144000,4876.000000,4435.968000,4472.080000,4675.896000,4275.376000,4395.760000,4326.528000],[6524.168000,5979.488000,5688.536000,6206.488000,6304.216000,6477.504000,6617.336000,5990.552000,6439.664000,6213.328000,6059.288000,5808.056000,6426.728000,6489.144000,6098.632000,6830.416000,6350.760000,6487.544000,6635.272000,6017.080000,6384.384000,6355.296000,6565.456000,6725.560000,6375.288000,7015.344000,6800.024000,6201.368000,5969.712000,5732.288000],[7950.416000,7904.696000,7730.184000,8075.192000,7867.032000,7894.960000,8415.096000,7729.536000,7515.864000,7676.136000,7463.336000,7804.544000,8284.136000,7923.216000,7903.664000,8168.488000,7951.768000,8085.160000,7908.832000,7654.456000,7952.472000,8088.656000,7859.632000,8304.176000,7852.792000,8528.760000,8251.840000,7839.888000,7373.664000,7797.000000]]
miss_All=[[357,268,311,468,313,47,361,190,230,186,486,81,412,590,111,519,175,395,135,103,585,747,353,231,180,336,86,251,143,452],[1280,680,1272,1314,1341,1257,1232,925,1072,910,1332,1271,848,1340,1080,1060,1174,959,1007,1201,1358,1339,1199,1102,1131,1292,1334,1228,1259,1063],[1819,1862,1804,1892,1883,1838,1860,1763,1872,1655,1872,1811,1847,1854,1851,1826,1881,1822,1758,1749,1885,1836,1859,1717,1824,1845,1844,1895,1815,1798],[2278,2366,2318,2327,2303,2237,2286,2282,2295,2197,2374,2216,2345,2336,2330,2285,2349,2314,2255,2172,2327,2287,2305,2248,2304,2282,2362,2346,2234,2279]]
ExeT=(3060.565066666667,4441.406933333333,6325.630666666666,7925.1864000000005,)
miss=(303,1162,1827,2294,)
mean_misspercent=(31.316299487867063,81.37995108443485,93.22092879714127,94.97259278116688,)
mean_missinduced=(709,22015,51871,67952,)
