ExeT_All=[[3107.376000,3014.128000,2917.032000,2962.816000,2970.488000,2979.640000,3240.336000,2963.184000,3041.040000,2942.696000,2739.344000,3004.520000,3412.816000,3040.288000,2781.568000,3570.432000,2849.984000,3147.376000,3201.912000,2938.120000,3304.392000,3157.136000,3003.856000,3101.280000,3027.000000,3241.800000,2853.456000,2866.128000,3039.040000,2949.648000],[4378.584000,4266.768000,4295.960000,4531.640000,4581.584000,4305.472000,4569.240000,4254.928000,4192.624000,4525.816000,4145.024000,3934.440000,4527.544000,4382.664000,4213.096000,4555.016000,4588.240000,4572.120000,4694.368000,4747.424000,4159.712000,4517.640000,4515.920000,4829.768000,4425.344000,4435.672000,4586.768000,4350.064000,4361.680000,4228.072000],[6499.496000,5923.848000,5575.136000,6190.712000,6223.776000,6402.408000,6628.496000,5921.224000,6337.936000,6117.880000,5973.480000,6052.528000,6390.384000,6612.488000,6004.224000,6871.960000,6376.352000,6419.048000,6614.184000,6125.816000,6393.088000,6315.576000,6485.088000,6511.992000,6334.776000,6921.152000,6745.360000,6365.240000,5927.152000,5824.016000],[7954.096000,7780.056000,7701.960000,7965.232000,7804.992000,7724.640000,8277.928000,7605.400000,7342.248000,7603.160000,7459.232000,7608.800000,8228.144000,7835.976000,7885.248000,8065.688000,7907.104000,7809.784000,7952.880000,7652.232000,7944.832000,7988.544000,7757.488000,8473.408000,7756.480000,8445.000000,8201.176000,7761.136000,7328.088000,7521.224000]]
miss_All=[[343,313,274,510,346,42,326,137,266,204,489,131,410,591,109,478,166,354,190,94,597,740,311,242,135,395,78,272,359,388],[1270,668,1291,1332,1336,1200,1300,1247,1065,1001,1333,1262,824,1353,1054,1047,1075,917,1023,1247,1196,1321,1293,1081,1214,1330,1312,1258,1245,1063],[1811,1841,1802,1847,1830,1792,1823,1771,1873,1682,1845,1796,1766,1819,1819,1794,1834,1803,1763,1747,1861,1816,1838,1648,1805,1819,1805,1871,1819,1741],[2243,2330,2285,2288,2225,2189,2272,2247,2263,2152,2336,2176,2284,2297,2297,2235,2295,2262,2203,2174,2291,2238,2239,2227,2218,2250,2281,2309,2202,2232]]
ExeT=(3045.6277333333333,4422.439733333333,6302.8272,7844.739199999998,)
miss=(309,1171,1802,2251,)
mean_misspercent=(31.981341364396503,82.58658819814552,92.52698956545854,94.25276516464254,)
mean_missinduced=(571,20178,51357,66083,)
