ExeT_All=[[3059.824000,3029.680000,2991.920000,2974.048000,2940.408000,3125.824000,3242.088000,2868.928000,2997.672000,3045.376000,2780.448000,2966.424000,3420.048000,3069.504000,2646.584000,3557.264000,2911.984000,3185.608000,3226.008000,2884.880000,3221.048000,3118.944000,3014.704000,3152.184000,3108.112000,3151.864000,2917.136000,2987.832000,3035.056000,2949.904000],[4358.056000,4285.104000,4308.072000,4530.648000,4586.992000,4326.456000,4534.648000,4227.952000,4196.384000,4479.424000,4075.736000,4251.456000,4502.680000,4260.208000,4195.752000,4294.656000,4585.112000,4514.320000,4614.592000,4535.712000,4375.624000,4478.864000,4520.440000,4815.704000,4387.784000,4453.152000,4150.288000,4416.296000,4380.744000,4315.032000],[6537.768000,5994.232000,5531.496000,6288.688000,6261.552000,6441.152000,6572.176000,5849.328000,6227.488000,5988.064000,5947.272000,5988.544000,6364.712000,6595.360000,5968.032000,6677.512000,6271.960000,6357.432000,6549.520000,6015.552000,6402.976000,6332.888000,6292.992000,6652.032000,6273.392000,6936.248000,6687.960000,6243.032000,5863.872000,5806.384000],[8025.120000,7724.128000,7645.536000,7876.936000,7600.672000,7730.888000,3969.768000,7517.056000,7447.160000,7630.520000,7376.392000,7610.408000,8168.936000,7738.112000,7898.112000,7951.224000,7714.784000,7742.448000,7853.536000,7620.920000,7710.328000,7751.520000,7743.976000,8165.744000,7858.944000,8395.720000,8240.264000,7768.160000,7286.896000,7616.784000]]
miss_All=[[378,222,119,310,344,39,195,73,36,482,185,89,376,764,37,627,109,330,121,32,760,558,485,72,162,286,12,26,414,300],[1180,947,1180,1227,1047,1260,1161,1140,803,794,1259,1249,973,1371,994,1000,828,1267,977,1238,1309,1306,1002,932,798,1109,1134,1093,1174,771],[1734,1879,1762,1807,1692,1721,1872,1612,1771,1601,1743,1796,1617,1859,1698,1734,1677,1767,1611,1704,1849,1774,1692,1675,1670,1808,1754,1855,1794,1451],[2181,2337,2218,2199,2107,2092,1092,2227,2232,2025,2232,2116,2158,2337,2171,2110,2171,2223,2119,2054,2224,2225,2168,2090,2106,2187,2196,2265,2243,2150]]
ExeT=(3052.7101333333326,4398.596266666666,6263.9872,7646.033066666666,)
miss=(264,1084,1732,2141,)
mean_misspercent=(27.334722019681305,76.35002519838595,88.9301159313225,91.25149651272208,)
mean_missinduced=(690,21927,49766,63407,)
