ExeT_All=[[3078.072000,2999.848000,2949.632000,3107.672000,2963.896000,3081.152000,3293.672000,2977.184000,3010.184000,3017.256000,2814.200000,2991.168000,3335.216000,3048.512000,2757.432000,3566.720000,2870.296000,3210.712000,3204.088000,2929.992000,3312.968000,3106.552000,3032.576000,3129.616000,3026.840000,3166.800000,2890.928000,2921.048000,3027.952000,2950.272000],[4324.512000,4266.040000,4230.464000,4526.728000,4675.984000,4347.128000,4559.240000,4327.608000,4225.176000,4540.384000,4164.408000,3964.640000,4573.400000,4369.560000,4141.528000,4497.400000,4585.336000,4510.256000,4683.432000,4691.624000,4348.312000,4587.608000,4581.216000,4861.680000,4377.928000,4521.496000,4557.664000,4328.592000,4379.832000,4308.016000],[6452.520000,6031.504000,5590.920000,6274.256000,6278.408000,6416.048000,6581.488000,5845.600000,6356.864000,6148.360000,6036.576000,5930.536000,6320.720000,6572.752000,6071.232000,6799.952000,6316.840000,6326.152000,6598.640000,6030.536000,6350.816000,6350.208000,6572.800000,6416.400000,6365.928000,6672.552000,6672.576000,6129.792000,5976.072000,5779.088000],[7945.304000,7713.440000,7742.168000,7785.056000,7819.944000,7755.016000,8315.272000,7622.152000,7319.736000,7475.376000,7331.328000,7615.864000,8243.296000,7807.448000,7851.424000,8000.744000,7859.928000,7917.344000,7927.128000,7687.928000,7881.096000,8002.744000,7692.736000,8371.264000,7738.480000,8566.456000,8118.752000,7743.248000,7272.080000,7540.920000]]
miss_All=[[328,331,297,518,447,74,310,131,237,294,443,74,423,609,110,513,175,326,134,84,647,670,304,294,142,342,87,214,305,393],[1270,779,1313,1326,1342,1238,1297,994,1090,909,1329,1166,845,1357,1014,1037,1104,918,1053,1235,1349,1322,1321,1133,1145,1329,1310,1251,1288,1165],[1811,1866,1802,1852,1841,1781,1812,1794,1849,1678,1869,1802,1796,1826,1827,1796,1846,1784,1755,1745,1844,1803,1860,1662,1810,1792,1803,1856,1805,1765],[2233,2322,2287,2259,2238,2173,2256,2212,2258,2136,2289,2180,2295,2283,2277,2234,2278,2260,2203,2139,2300,2239,2203,2205,2217,2272,2280,2306,2215,2216]]
ExeT=(3059.081866666667,4435.239733333333,6275.537866666665,7822.122400000001,)
miss=(308,1174,1804,2242,)
mean_misspercent=(31.863578711141347,82.39261963246129,92.62664658200411,94.0023787318955,)
mean_missinduced=(679,20932,51168,66068,)
