ExeT_All=[[3387.888000,3066.064000,3034.336000,3112.896000,3045.680000,3269.272000,3393.432000,3094.112000,3099.208000,3224.768000,2772.056000,3031.928000,3542.992000,3169.712000,2872.160000,3838.224000,2902.160000,3339.816000,3252.200000,2884.480000,3564.680000,3365.880000,3078.136000,3214.704000,3013.976000,3231.096000,2943.152000,3069.504000,3073.232000,2998.800000],[4762.800000,4580.488000,4569.072000,4778.336000,4957.176000,4583.568000,4762.304000,4546.632000,4437.224000,4773.256000,4474.344000,4471.680000,4785.952000,4782.032000,4664.152000,4936.544000,4693.584000,4988.144000,5064.824000,4903.056000,4801.184000,4805.664000,4814.280000,5258.672000,4700.528000,4910.384000,4813.112000,4600.096000,4713.440000,4568.840000],[6933.344000,6365.648000,6000.720000,6408.448000,6665.840000,6811.832000,6914.504000,6182.944000,6530.072000,6329.872000,6320.144000,6219.440000,6763.432000,6958.848000,6655.336000,7275.144000,6599.904000,6694.144000,7209.096000,6304.352000,6875.432000,6666.928000,6869.304000,6969.952000,6667.248000,7277.568000,6904.656000,6790.808000,6253.048000,6211.744000],[8509.824000,8321.264000,8404.296000,8578.208000,8393.448000,8209.344000,8822.208000,8188.152000,7836.552000,8108.840000,7837.568000,8056.944000,8717.048000,8429.208000,8572.000000,8755.192000,8267.896000,8595.360000,8775.512000,8286.272000,8595.232000,8564.848000,8305.976000,8940.000000,8425.832000,9154.960000,8730.312000,8285.088000,7907.704000,8066.680000]]
miss_All=[[447,337,322,576,355,113,377,248,286,229,460,89,447,756,129,523,157,390,230,151,793,720,290,345,130,357,75,300,320,430],[1368,1063,1382,1421,1430,1385,1393,1235,1200,1079,1410,1361,836,1435,1120,1115,1272,1047,1029,1326,1441,1432,1406,1222,1335,1442,1378,1407,1360,1116],[1914,1977,1930,1969,1978,1912,1945,1863,1960,1799,1951,1876,1929,1930,1930,1897,1945,1907,1907,1862,1974,1938,1959,1814,1928,1948,1910,1973,1932,1840],[2409,2495,2455,2459,2473,2389,2413,2435,2454,2368,2465,2335,2484,2452,2440,2399,2454,2409,2446,2352,2470,2442,2430,2403,2403,2442,2443,2436,2404,2421]]
ExeT=(3162.8848000000003,4750.0455999999995,6654.325066666666,8421.392266666666,)
miss=(346,1281,1919,2429,)
mean_misspercent=(34.776620189942136,84.9010025489418,93.80752132658154,95.30079752861113,)
mean_missinduced=(0,0,0,0,)
