ExeT_All=[[3105.456000,2987.552000,2960.888000,3006.928000,2995.040000,3061.064000,3239.608000,2908.056000,3026.944000,3043.600000,2738.560000,2968.288000,3279.864000,3036.456000,2698.288000,3509.368000,2877.200000,3136.152000,3263.944000,2736.224000,3288.344000,3068.168000,2927.688000,3093.104000,3065.352000,3181.400000,2850.288000,2921.784000,3000.936000,2938.816000],[4449.840000,4279.608000,4341.944000,4362.864000,4586.368000,4220.576000,4598.072000,4291.112000,4043.416000,4476.552000,4138.776000,4048.800000,4463.408000,4219.216000,4137.048000,4279.128000,4605.672000,4557.472000,4632.296000,4559.304000,4542.440000,4472.088000,4542.704000,4683.216000,4407.848000,4449.968000,4525.840000,4248.568000,4439.944000,4276.240000],[6548.392000,5967.352000,5544.856000,6100.168000,6262.608000,6417.992000,6442.472000,5842.808000,6284.136000,6013.664000,5996.664000,5863.560000,6133.248000,6450.688000,5988.224000,6811.792000,6409.824000,6301.848000,6318.408000,6020.056000,6391.136000,6321.352000,6468.272000,6357.000000,6295.192000,6769.552000,6625.824000,6341.568000,5964.600000,5774.360000],[7868.424000,7626.880000,7581.048000,7656.872000,7639.272000,7630.376000,8241.536000,7549.080000,7287.872000,7350.336000,7252.552000,7491.160000,8033.888000,7566.032000,7794.384000,7959.736000,7699.904000,7753.560000,7715.960000,7597.184000,7744.848000,7734.136000,7544.792000,8028.904000,7741.240000,8421.216000,8114.008000,7614.848000,7303.256000,7570.736000]]
miss_All=[[381,213,85,321,132,62,218,176,121,377,184,3,217,772,51,663,93,139,132,45,608,581,173,116,149,273,11,141,101,316],[1203,630,1118,1121,1023,1249,1153,1136,669,798,1250,1206,870,1374,966,1001,851,1015,738,1228,1345,1277,997,1025,783,1065,1297,991,1165,771],[1714,1876,1751,1771,1603,1603,1816,1565,1791,1589,1744,1755,1400,1825,1644,1738,1676,1755,1604,1688,1810,1757,1679,1632,1659,1751,1728,1855,1777,1446],[2136,2315,2165,2138,2106,2005,2260,2171,2172,2015,2164,2053,2102,2239,2130,2074,2193,2205,2074,2048,2187,2200,2103,2059,2069,2141,2132,2233,2182,2151]]
ExeT=(3030.512,4396.010933333334,6234.253866666665,7703.801333333333,)
miss=(228,1043,1700,2140,)
mean_misspercent=(23.625881844761672,73.43889375524199,87.8691627078139,91.07364032745328,)
mean_missinduced=(695,22075,48976,63529,)
