ExeT_All=[[3117.760000,2976.632000,2901.984000,3073.928000,2957.464000,2970.304000,3218.264000,2938.384000,2993.664000,2995.128000,2754.816000,2981.008000,3437.656000,3085.120000,2766.760000,3554.816000,2934.840000,3160.200000,3177.264000,2917.344000,3373.928000,3076.544000,3036.488000,3109.304000,3038.280000,3177.512000,2859.832000,2934.192000,3012.480000,2898.352000],[4419.504000,4182.312000,4241.000000,4530.568000,4631.992000,4262.648000,4594.296000,4348.536000,4239.840000,3785.608000,4176.640000,3960.528000,4488.968000,4105.104000,4190.568000,4522.272000,4510.504000,4580.968000,4702.544000,4801.984000,4406.864000,4467.896000,4528.192000,4915.056000,4446.400000,4528.176000,4589.128000,4361.952000,4423.120000,4254.768000],[6493.520000,5958.152000,5581.576000,6125.432000,6113.088000,6345.640000,6591.176000,5822.264000,6211.712000,5885.464000,5971.784000,5814.360000,6355.384000,6468.624000,6050.976000,6789.760000,6407.664000,6310.624000,6655.936000,5930.088000,6295.864000,6377.008000,6457.080000,6506.864000,6303.360000,6701.208000,6770.808000,6207.720000,5892.064000,5821.632000],[7831.824000,7746.008000,7668.704000,7569.296000,7663.168000,7627.816000,8309.808000,7666.752000,7305.624000,7452.896000,7314.696000,7558.480000,8221.448000,7718.184000,7971.792000,7928.760000,7870.888000,7626.520000,7719.064000,7678.168000,7786.064000,7942.816000,7727.000000,8114.800000,7709.896000,8511.680000,8131.800000,7659.976000,7280.128000,7531.968000]]
miss_All=[[368,298,307,556,469,40,340,175,241,146,442,119,463,641,138,513,168,330,137,138,584,635,316,255,106,370,83,269,411,367],[1254,772,1259,1325,1346,1248,1237,1199,1042,688,1323,1257,800,1329,1073,1047,1089,918,1032,1187,1351,1321,1324,1103,1173,1331,1314,1270,1277,1034],[1807,1841,1777,1827,1813,1767,1800,1774,1849,1615,1830,1790,1798,1817,1801,1766,1852,1797,1745,1734,1849,1806,1841,1664,1774,1779,1806,1861,1813,1778],[2207,2299,2256,2209,2220,2160,2191,2205,2252,2121,2263,2147,2247,2218,2247,2180,2246,2223,2175,2143,2236,2203,2198,2179,2199,2221,2220,2262,2182,2199]]
ExeT=(3047.6749333333332,4406.597866666665,6240.561066666666,7761.534133333332,)
miss=(314,1164,1792,2210,)
mean_misspercent=(32.456221927513845,82.06497812750993,92.76095283833415,94.05874356887038,)
mean_missinduced=(659,20066,50696,64947,)
