ExeT_All=[[3106.144000,2991.912000,2975.304000,2936.520000,2986.800000,3079.304000,3278.600000,2971.288000,2965.640000,3018.504000,2774.368000,3038.112000,3402.728000,3069.432000,2757.224000,3495.952000,2878.408000,3238.448000,3193.352000,2927.280000,3300.936000,3128.608000,3034.688000,3094.800000,3035.080000,3139.592000,2914.352000,2931.520000,2994.368000,3040.912000],[4135.808000,4266.328000,4249.664000,4342.736000,4634.672000,4322.632000,4578.920000,4271.400000,4202.488000,4448.560000,4103.384000,4033.960000,4521.064000,4200.320000,4192.536000,4272.640000,4595.456000,4493.064000,4645.304000,4537.672000,4357.888000,4464.520000,4451.088000,4884.352000,4406.280000,4387.224000,4529.968000,4377.592000,4364.416000,4330.000000],[6548.640000,5963.360000,5522.312000,6284.720000,6164.128000,6409.048000,6573.304000,5825.088000,6314.712000,5956.896000,5924.160000,6005.376000,6364.352000,6658.072000,5927.816000,6644.248000,6356.536000,6254.104000,6658.416000,6006.896000,6305.768000,6205.056000,6330.312000,6428.000000,6358.728000,6810.000000,6710.648000,6409.200000,5879.224000,5715.376000],[7927.128000,7667.784000,7653.448000,7919.432000,7740.248000,7621.056000,8174.344000,7514.680000,7433.256000,7573.296000,7297.440000,7534.168000,8012.912000,7621.272000,7770.448000,7938.256000,7717.704000,8076.944000,7870.248000,7577.592000,7663.648000,7924.480000,7666.168000,8303.904000,7755.648000,8469.864000,8200.792000,7727.552000,7224.664000,7601.528000]]
miss_All=[[357,174,147,324,48,25,207,46,101,446,153,111,356,739,91,656,96,371,96,45,398,607,453,160,23,268,23,35,172,333],[1174,970,1109,1123,1054,1235,1159,1155,851,806,1250,1243,771,1371,939,1002,866,989,778,1189,1301,1257,840,946,795,987,1272,944,1144,731],[1711,1879,1749,1807,1587,1712,1827,1550,1744,1600,1769,1752,1605,1863,1693,1771,1643,1758,1623,1701,1836,1736,1730,1652,1674,1781,1753,1871,1760,1627],[2190,2334,2211,2193,2131,2051,2296,2215,2201,2021,2189,2124,2115,2309,2189,2118,2206,2237,2146,2059,2247,2254,2137,2114,2138,2174,2191,2278,2279,2163]]
ExeT=(3056.6725333333334,4386.7312,6250.4832,7772.663466666665,)
miss=(235,1041,1725,2183,)
mean_misspercent=(24.304095366079782,73.292254146309,88.60677905334114,91.49401862975697,)
mean_missinduced=(639,21637,49737,64768,)
