ExeT_All=[[3158.472000,3039.368000,2964.592000,3097.240000,2932.064000,3077.992000,3229.928000,2975.944000,3006.120000,2991.880000,2789.256000,2937.056000,3382.656000,3025.696000,2723.656000,3606.128000,2892.760000,3201.720000,3198.376000,2844.832000,3322.584000,3068.736000,3040.824000,3108.344000,3098.720000,3144.288000,2869.784000,2892.912000,3058.416000,2920.000000],[4479.368000,4260.608000,4276.312000,4401.376000,4573.904000,4207.328000,4517.616000,4402.880000,4197.792000,4496.256000,4209.488000,3916.920000,4534.728000,4122.552000,4301.936000,4564.008000,4561.056000,4539.328000,4642.944000,4758.616000,4445.416000,4478.040000,4530.904000,4838.464000,4348.624000,4507.760000,4600.960000,4251.208000,4427.112000,4217.752000],[6597.672000,5868.344000,5487.944000,6167.576000,6090.152000,6345.944000,6602.440000,5915.520000,6158.800000,5973.344000,5967.344000,5999.560000,6385.408000,6538.432000,5953.832000,6777.488000,6369.712000,6270.560000,6639.264000,6005.152000,6317.232000,6405.712000,6531.560000,6509.472000,6250.728000,6781.040000,6632.480000,6146.784000,5911.384000,5814.440000],[7943.472000,7713.640000,6760.248000,7643.792000,7689.072000,7617.896000,7161.344000,7665.384000,7356.936000,7379.416000,7165.040000,7451.560000,8173.320000,7630.256000,7836.776000,8005.472000,7821.216000,7691.416000,7729.336000,7672.040000,7721.096000,7995.512000,7627.144000,8150.336000,7673.496000,8463.888000,8158.200000,7640.408000,7315.432000,7531.392000]]
miss_All=[[351,313,286,574,248,58,365,176,242,202,461,77,413,616,95,518,160,345,168,78,632,711,281,314,152,294,88,271,385,404],[1282,672,1293,1272,1341,1227,1272,1048,1044,906,1319,1184,902,1328,1062,1058,1128,940,1053,1220,1343,1322,1306,1074,1128,1325,1314,1247,1299,1053],[1802,1812,1800,1820,1819,1772,1806,1770,1848,1635,1828,1788,1813,1792,1791,1776,1821,1794,1728,1728,1820,1805,1846,1659,1765,1806,1796,1855,1798,1771],[2214,2312,2001,2217,2216,2127,1885,2192,2243,2117,2198,2117,2256,2224,2227,2200,2241,2222,2186,2161,2241,2204,2208,2195,2187,2214,2224,2246,2173,2205]]
ExeT=(3053.3447999999994,4420.375199999999,6247.177333333335,7679.484533333334,)
miss=(309,1165,1788,2188,)
mean_misspercent=(31.972071672182434,81.84603824582209,92.5568627590225,94.01324623290807,)
mean_missinduced=(0,0,0,0,)
