ExeT_All=[[3113.832000,2989.256000,2951.856000,3059.160000,2959.456000,3062.440000,3258.896000,2975.952000,2990.808000,2996.120000,2782.504000,2964.544000,3415.464000,3068.672000,2773.560000,3549.856000,2908.952000,3202.472000,3208.232000,2899.200000,3320.976000,3116.184000,3054.080000,3112.752000,3058.704000,3193.032000,2881.568000,2916.400000,3019.960000,2943.960000],[4451.896000,4282.024000,4265.872000,4413.664000,4615.696000,4335.712000,4591.056000,4299.456000,4201.720000,4509.088000,4168.112000,3985.104000,4534.600000,4402.368000,4245.824000,4545.992000,4570.528000,4579.840000,4640.704000,4754.008000,4383.968000,4511.896000,4520.824000,4912.096000,4422.528000,4515.456000,4601.736000,4316.456000,4400.488000,4276.736000],[6517.336000,5959.176000,5629.328000,6391.248000,6312.816000,6507.328000,6652.200000,5899.824000,6411.376000,6279.408000,6063.112000,5861.448000,6399.032000,6568.920000,6096.480000,6851.936000,6419.664000,6575.360000,6661.440000,6080.704000,6460.328000,6327.976000,6574.352000,6623.592000,6351.736000,6922.384000,6701.136000,6168.568000,5971.624000,5790.064000],[7917.136000,7795.032000,7763.512000,8002.408000,7748.744000,7833.272000,8490.168000,7692.088000,7542.968000,7698.976000,7530.664000,7864.504000,8343.768000,7845.400000,7916.304000,8099.344000,7994.080000,8067.928000,8056.712000,7855.456000,8027.008000,8077.000000,7839.664000,8529.576000,7840.176000,8573.776000,8278.736000,7807.328000,7359.688000,7666.832000]]
miss_All=[[311,281,286,492,299,47,350,132,231,204,461,89,411,611,109,403,158,322,135,88,510,701,332,241,102,310,80,240,187,382],[1289,644,1284,1259,1340,1243,1280,877,966,905,1332,1271,793,1338,1060,1054,1118,920,969,1186,1354,1339,1251,1087,1119,1306,1309,1229,1256,1003],[1827,1871,1817,1911,1866,1828,1864,1762,1888,1633,1871,1819,1831,1863,1787,1823,1880,1813,1756,1759,1906,1818,1841,1666,1826,1849,1826,1891,1806,1786],[2266,2361,2329,2329,2294,2227,2302,2273,2316,2176,2394,2235,2350,2322,2333,2265,2370,2308,2274,2216,2360,2272,2307,2282,2308,2300,2357,2343,2233,2268]]
ExeT=(3058.294933333333,4441.848266666667,6334.329866666668,7935.274933333333,)
miss=(283,1146,1822,2299,)
mean_misspercent=(29.25211630668615,80.31210121174227,92.98771487860387,94.97469251266416,)
mean_missinduced=(643,21076,51680,67794,)
