ExeT_All=[[3126.872000,3003.472000,2950.136000,2999.496000,2962.240000,3070.832000,3260.792000,2976.136000,2999.424000,3023.080000,2749.424000,2945.600000,3417.792000,3057.832000,2672.552000,3524.296000,2901.440000,3214.856000,3082.456000,2885.264000,3327.504000,3076.752000,3034.520000,3108.672000,3064.352000,3143.640000,2886.936000,2926.328000,3019.080000,2966.472000],[4384.352000,4293.008000,4241.896000,4358.920000,4592.920000,4295.680000,4601.560000,4288.728000,4164.728000,4493.336000,4091.344000,4198.656000,4471.928000,4193.072000,4257.008000,4284.592000,4582.752000,4523.512000,4608.896000,4561.040000,4488.392000,4523.480000,4484.696000,4625.672000,4406.104000,4402.096000,4527.616000,4325.272000,4402.544000,4276.920000],[6563.320000,5878.936000,5524.776000,6203.376000,6164.352000,6420.504000,6584.680000,5869.448000,6338.256000,5894.000000,5884.072000,5994.296000,6320.912000,6562.360000,5946.392000,6794.512000,6327.488000,6454.128000,6624.168000,5911.608000,6322.560000,6305.640000,6497.112000,6385.392000,6259.016000,6787.056000,6697.864000,6355.016000,5894.736000,5817.296000],[8025.608000,7702.432000,7670.592000,7824.560000,7689.576000,7690.384000,8234.536000,7383.728000,7406.768000,7582.080000,7260.200000,7555.248000,8139.480000,7800.184000,7867.248000,8011.680000,7887.552000,7728.992000,7755.096000,7607.216000,7726.416000,7848.368000,7643.872000,8248.728000,7764.856000,8464.672000,8166.136000,4580.096000,7301.608000,7551.336000]]
miss_All=[[232,229,76,318,72,27,212,68,122,394,178,2,338,755,43,665,106,353,52,37,663,397,415,74,105,280,12,73,87,303],[1187,870,1105,1115,1031,1241,1163,1123,781,803,1250,1246,828,1349,989,996,838,1107,713,1220,1316,1289,984,882,821,843,1274,1088,1154,782],[1730,1856,1760,1790,1631,1716,1806,1674,1757,1599,1755,1750,1599,1864,1594,1694,1665,1734,1643,1701,1822,1756,1703,1614,1666,1758,1739,1862,1769,1640],[2167,2340,2211,2195,2126,2017,2303,2191,2203,2036,2207,2058,2182,2315,2214,2126,2201,2219,2082,2064,2214,2230,2130,2098,2111,2196,2185,1316,2240,2129]]
ExeT=(3045.9416,4398.357333333333,6252.775733333334,7670.641599999999,)
miss=(222,1046,1721,2143,)
mean_misspercent=(22.997787341579144,73.47875959076545,88.44349124604929,91.00467521082933,)
mean_missinduced=(670,21338,49489,63487,)
