ExeT_All=[[3119.048000,2981.520000,2957.792000,3022.744000,2974.024000,3086.152000,3250.712000,2966.104000,2993.344000,3085.256000,2743.296000,2963.744000,3395.152000,3054.200000,2773.408000,3568.744000,2911.776000,3264.768000,3132.800000,2902.144000,3338.048000,3122.944000,3012.456000,3104.432000,3033.120000,3159.792000,2883.072000,2974.392000,3012.960000,2952.936000],[4279.032000,4286.448000,4238.272000,4481.264000,4614.496000,4232.600000,4598.512000,4339.176000,4129.752000,4524.768000,4025.768000,4122.512000,4503.328000,4248.640000,4169.384000,4491.152000,4575.728000,4598.632000,4618.520000,4789.880000,4394.176000,4485.368000,4504.136000,4847.696000,4378.392000,4457.704000,4555.184000,4424.160000,4382.568000,4285.440000],[6436.816000,5908.880000,5548.504000,6238.304000,6108.920000,6363.232000,6580.616000,5836.024000,6232.176000,5942.256000,5970.144000,5898.456000,6420.464000,6558.456000,6043.344000,6778.632000,6399.632000,3894.080000,6612.040000,5889.928000,6312.728000,6341.904000,6395.696000,6396.792000,6308.752000,6808.048000,6684.080000,6327.784000,5879.256000,5800.520000],[7924.136000,7721.904000,7544.720000,7706.584000,7660.056000,7622.048000,8314.808000,7479.984000,7282.384000,7458.832000,7212.040000,7532.632000,8041.168000,7653.000000,7810.416000,7980.696000,7877.584000,7871.792000,7709.560000,7559.056000,7716.248000,7896.808000,7719.648000,8244.640000,7717.944000,8342.160000,8071.272000,7621.256000,7299.736000,7531.888000]]
miss_All=[[283,309,290,371,85,22,288,35,82,475,415,5,295,736,116,697,109,424,195,77,553,578,294,433,194,348,37,70,78,275],[1192,832,1198,1320,1247,1220,1246,1220,808,863,1334,1284,701,1381,1022,1027,888,1003,915,1180,1335,1300,1105,1151,1029,1089,1287,1133,1189,768],[1734,1850,1764,1839,1760,1739,1852,1691,1771,1624,1845,1753,1535,1864,1725,1776,1703,1160,1653,1719,1810,1784,1796,1685,1693,1813,1803,1873,1795,1481],[2160,2303,2230,2182,2177,2054,2271,2204,2185,2170,2253,2096,2237,2259,2181,2116,2200,2228,2118,2071,2205,2224,2218,2105,2156,2217,2166,2251,2218,2227]]
ExeT=(3058.0293333333334,4419.422933333333,6163.8821333333335,7737.499999999998,)
miss=(272,1108,1729,2189,)
mean_misspercent=(28.17696598590896,78.03335359204883,90.40119286490078,93.1302689527178,)
mean_missinduced=(892,24332,50248,64970,)
