ExeT_All=[[3349.568000,3024.896000,3070.800000,3061.400000,3030.952000,3265.528000,3384.728000,3141.760000,3110.032000,3304.584000,2813.656000,3069.216000,3370.656000,3137.248000,3024.232000,3683.672000,2933.664000,3292.224000,3240.488000,2964.304000,3581.240000,3333.216000,3062.888000,3186.576000,3064.984000,3172.792000,3031.976000,3124.680000,3097.800000,2960.088000],[4817.608000,4527.512000,4571.152000,4701.920000,4871.312000,4590.688000,4754.344000,4528.720000,4357.536000,4734.680000,4400.656000,4451.704000,4801.856000,4870.400000,4701.656000,4755.072000,4727.416000,4969.704000,5024.224000,4916.728000,4818.512000,4858.216000,4798.760000,5171.256000,4643.160000,4904.616000,4879.056000,4612.656000,4693.352000,4584.336000],[6977.520000,6274.824000,6001.160000,6591.344000,6647.408000,6769.616000,6817.288000,6126.016000,6487.032000,6318.560000,6329.064000,6218.280000,6719.200000,6996.784000,6714.576000,7271.992000,6564.272000,6678.008000,7097.944000,6296.232000,6938.720000,6754.448000,6866.712000,7003.800000,6646.336000,7315.096000,6996.952000,6794.736000,6301.664000,6162.496000],[8605.864000,8255.216000,8184.952000,8530.256000,8362.560000,8188.584000,8728.752000,8203.776000,7814.144000,8106.640000,7746.944000,8062.344000,8719.584000,8418.472000,8573.640000,8746.832000,8230.088000,8593.360000,8648.552000,8285.496000,8586.856000,8605.160000,8288.240000,8917.296000,8399.672000,9107.840000,8740.136000,8310.624000,7842.432000,8093.488000]]
miss_All=[[525,292,83,346,43,31,297,164,216,436,186,5,220,765,46,704,97,392,101,20,885,431,458,84,109,248,15,94,173,262],[1286,823,1190,1340,1147,1333,1161,1170,840,966,1328,1252,1017,1462,1095,1082,927,1334,780,1226,1393,1423,978,1032,906,1181,1369,1178,1267,871],[1827,1963,1878,1929,1701,1828,1940,1707,1853,1728,1866,1855,1567,1951,1840,1870,1749,1830,1783,1829,1948,1927,1846,1778,1759,1901,1869,1957,1892,1572],[2323,2535,2391,2396,2375,2305,2438,2400,2419,2245,2354,2251,2294,2476,2308,2298,2389,2376,2342,2303,2411,2449,2327,2271,2310,2389,2378,2429,2421,2317]]
ExeT=(3162.9949333333334,4734.626933333334,6655.936,8396.593333333332,)
miss=(257,1145,1831,2364,)
mean_misspercent=(25.872000741675926,75.82175794810637,89.47957660171136,92.77163762133797,)
mean_missinduced=(0,0,0,0,)
