ExeT_All=[[3358.992000,3007.128000,3055.904000,3066.792000,3028.824000,3267.240000,3386.296000,3150.360000,3118.648000,3351.760000,2809.096000,3079.632000,3426.824000,3129.864000,3093.704000,3784.888000,2929.680000,3317.176000,3264.864000,2942.632000,3574.880000,3344.704000,3081.896000,3175.976000,3061.072000,3208.624000,3015.760000,3183.328000,3088.528000,2971.352000],[4816.960000,4560.544000,4561.528000,4701.744000,4869.640000,4611.616000,4776.640000,4528.728000,4341.184000,4767.136000,4338.312000,4432.520000,4838.720000,4760.496000,4695.688000,4967.512000,4719.544000,4983.352000,4958.112000,4920.928000,4765.120000,4846.624000,4796.976000,5221.504000,4637.120000,4909.560000,4871.328000,4613.208000,4688.664000,4565.488000],[6895.896000,6255.512000,6001.336000,6479.232000,6587.576000,6742.600000,6825.328000,6110.784000,6472.216000,6204.688000,6223.784000,6184.112000,6722.160000,6930.920000,6680.000000,7268.704000,6510.688000,6671.136000,6973.992000,6175.224000,6934.424000,6724.008000,6788.512000,6945.472000,6618.800000,7214.744000,6982.240000,6792.016000,6300.200000,6181.184000],[8533.760000,8226.216000,8188.376000,8423.568000,8300.592000,8203.272000,8745.616000,8105.928000,7769.112000,8008.048000,7850.112000,8006.080000,8583.000000,8442.552000,8450.376000,8740.056000,8241.344000,8601.808000,8556.120000,8124.120000,8485.096000,8601.328000,8247.696000,8770.544000,8352.344000,8989.160000,8718.248000,8264.392000,7826.848000,8089.424000]]
miss_All=[[484,201,245,389,129,42,394,163,106,508,462,103,316,762,134,735,113,415,174,91,883,522,302,455,192,311,39,83,83,433],[1277,906,1298,1352,1350,1299,1341,1210,866,968,1425,1369,781,1468,1138,1128,937,1174,864,1341,1418,1434,1377,1058,1102,1266,1403,1342,1284,999],[1867,2010,1902,1954,1734,1877,2005,1773,1888,1751,1977,1889,1636,1972,1808,1873,1795,1906,1789,1855,1970,1934,1891,1750,1815,1945,1904,1975,1957,1587],[2356,2515,2458,2443,2445,2271,2486,2440,2396,2388,2496,2278,2443,2524,2372,2340,2361,2405,2360,2323,2453,2500,2389,2315,2334,2430,2427,2443,2496,2414]]
ExeT=(3175.880799999999,4735.549866666665,6613.2496,8348.171199999999,)
miss=(308,1205,1866,2410,)
mean_misspercent=(31.060320460208025,79.87620955167974,91.62391026115625,94.97000543341952,)
mean_missinduced=(0,0,0,0,)
