ExeT_All=[[3384.712000,3033.112000,3046.000000,3093.096000,3036.648000,3265.800000,3383.320000,3084.104000,3113.080000,3268.488000,2834.856000,3072.840000,3479.536000,3136.616000,2981.160000,3887.448000,2918.608000,3300.816000,3280.544000,2961.384000,3565.352000,3355.648000,3104.384000,3188.872000,3087.040000,3220.024000,3021.120000,3080.264000,3095.712000,2983.552000],[4814.856000,4527.200000,4561.792000,4697.112000,4882.992000,4605.336000,4768.064000,4533.336000,4348.464000,4720.976000,4408.000000,4436.368000,4789.232000,4855.896000,4706.432000,4958.152000,4707.912000,4909.672000,5022.752000,4919.536000,4827.032000,4845.720000,4796.376000,5250.296000,4634.136000,4923.584000,4866.160000,4603.760000,4699.328000,4573.496000],[6978.552000,6276.720000,5977.688000,6586.480000,6645.184000,6758.456000,6823.536000,6118.704000,6474.360000,6321.376000,6299.984000,6204.448000,6711.544000,6994.128000,6717.400000,7264.624000,6568.904000,6671.568000,7095.840000,6301.832000,6918.824000,6755.600000,6865.080000,6986.456000,6654.360000,7330.376000,6987.552000,6799.000000,6306.376000,6191.992000],[8592.752000,8262.352000,8303.200000,8535.400000,8344.744000,8190.912000,8731.280000,8225.552000,7775.848000,8120.024000,7849.952000,8061.408000,8694.232000,8418.912000,8580.256000,8726.296000,8291.544000,8600.616000,8686.272000,8291.592000,8581.328000,8582.104000,8298.640000,8940.872000,8383.264000,9109.352000,8744.944000,8301.288000,7848.304000,8122.896000]]
miss_All=[[431,314,289,538,335,62,390,144,252,195,459,82,402,720,113,514,172,357,174,108,721,685,321,276,117,302,83,268,313,397],[1368,956,1348,1385,1425,1385,1387,1219,1053,1011,1411,1360,819,1428,1178,1135,1188,985,998,1321,1441,1432,1403,1183,1183,1414,1380,1394,1367,1072],[1918,1972,1918,1969,1969,1917,1945,1871,1961,1765,1952,1882,1904,1932,1930,1899,1946,1909,1912,1851,1974,1938,1953,1789,1915,1940,1913,1972,1924,1834],[2409,2496,2437,2463,2464,2395,2416,2440,2451,2372,2467,2329,2485,2445,2437,2379,2448,2414,2441,2360,2468,2444,2430,2395,2400,2442,2445,2438,2407,2420]]
ExeT=(3175.4712,4739.798933333335,6652.898133333331,8406.537866666667,)
miss=(317,1254,1915,2427,)
mean_misspercent=(31.927344536748134,83.10486331020687,93.60679284145198,95.25843794595919,)
mean_missinduced=(0,0,0,0,)
