ExeT_All=[[3113.448000,2962.984000,2942.024000,2988.688000,2965.264000,3068.368000,3262.504000,2891.512000,3005.840000,3025.256000,2749.784000,2966.248000,3412.944000,3044.760000,2679.632000,3527.864000,2879.504000,3217.560000,3230.520000,2911.088000,3310.304000,3095.904000,3008.960000,3115.192000,3064.544000,3168.280000,2881.208000,2894.272000,3004.336000,2962.152000],[4387.032000,4285.432000,4262.504000,4385.376000,4576.592000,4240.400000,4604.808000,4280.448000,4137.936000,4511.928000,4094.264000,4206.008000,4491.056000,4200.032000,4221.296000,4509.216000,4584.640000,4537.864000,4636.464000,4567.184000,4474.616000,4506.120000,4483.408000,4646.184000,4445.848000,4529.952000,4535.168000,4331.392000,4408.704000,4216.336000],[6526.176000,5927.728000,5525.064000,6064.472000,6111.376000,6353.848000,6591.856000,5866.880000,6253.240000,5902.264000,5985.000000,5804.320000,6392.936000,6550.248000,5978.848000,6754.792000,6319.600000,3316.000000,6639.864000,6005.032000,6355.008000,6319.480000,6315.488000,6343.536000,6299.672000,6818.528000,6676.000000,6159.408000,5908.128000,5795.680000],[7902.416000,7754.408000,7721.744000,7605.280000,7672.856000,7625.240000,8211.640000,7410.576000,7284.344000,7359.288000,7235.472000,7515.856000,8017.424000,7812.112000,7863.272000,7934.560000,7694.304000,7779.416000,7713.848000,7547.800000,7798.088000,8020.808000,7632.640000,8054.288000,7767.856000,8372.248000,8127.568000,7653.392000,7216.088000,7540.768000]]
miss_All=[[271,271,74,334,81,27,235,65,65,400,189,2,345,754,43,663,101,233,96,27,667,426,419,87,99,279,16,67,107,293],[1197,876,1106,1110,1032,1237,1138,1122,782,799,1241,1266,821,1355,943,1019,840,1084,691,1211,1342,1291,967,887,806,853,1265,1092,1155,756],[1721,1855,1748,1758,1621,1706,1802,1590,1734,1588,1743,1725,1582,1856,1602,1717,1640,876,1622,1698,1818,1772,1688,1611,1663,1753,1728,1834,1764,1465],[2134,2334,2186,2141,2109,1981,2251,2154,2170,2000,2154,2028,2131,2275,2094,2049,2162,2199,2074,2037,2195,2219,2107,2064,2087,2177,2138,2227,2200,2110]]
ExeT=(3045.0314666666663,4409.9402666666665,6128.682400000001,7728.186666666665,)
miss=(224,1042,1676,2139,)
mean_misspercent=(23.184807556726543,73.22837971166527,87.79246254018975,90.90395286843278,)
mean_missinduced=(667,21496,47943,63315,)
