ExeT_All=[[3116.120000,2977.656000,2951.480000,3020.688000,2958.200000,3073.600000,3247.800000,2972.136000,2995.808000,3086.024000,2752.776000,2965.128000,3397.208000,3057.584000,2780.512000,3564.104000,2912.744000,3256.112000,3122.128000,2910.856000,3325.336000,3115.920000,3033.904000,3109.232000,3039.208000,3207.552000,2888.336000,2965.296000,3031.320000,2889.120000],[4383.656000,4286.536000,4243.952000,4450.936000,4626.680000,4291.736000,4608.136000,4364.080000,4184.320000,4510.568000,4017.016000,4111.480000,4517.152000,4253.936000,4190.672000,4475.096000,4580.352000,4604.296000,4626.680000,4794.736000,4392.136000,4500.120000,4501.400000,4855.328000,4372.384000,4410.168000,4554.080000,4484.672000,4374.520000,4266.792000],[6411.816000,5986.840000,5567.840000,6304.912000,6217.416000,6416.600000,6614.072000,5857.496000,6339.992000,5904.504000,6029.976000,5994.272000,6373.272000,6554.536000,6055.072000,6790.488000,6338.920000,6333.280000,6550.472000,6032.736000,6339.040000,6324.440000,6431.256000,6608.128000,6308.696000,6855.304000,6698.000000,6344.600000,5928.568000,5850.824000],[8021.104000,7752.560000,7616.288000,7925.240000,7752.488000,7696.992000,8322.312000,7465.232000,7406.816000,7543.144000,7365.792000,7587.928000,8069.680000,7680.872000,5197.144000,8013.736000,7831.384000,4503.872000,3211.736000,7615.408000,7808.760000,7926.456000,7749.472000,8414.632000,7745.128000,8411.024000,8196.536000,7694.472000,7294.592000,7602.928000]]
miss_All=[[297,316,221,364,131,22,294,20,83,498,465,64,286,768,109,697,111,387,155,129,520,492,386,429,183,293,38,72,75,373],[1197,959,1212,1320,1272,1222,1264,1193,827,864,1343,1286,836,1375,1026,1028,891,1028,915,1201,1334,1300,1118,1151,999,1040,1287,1190,1185,892],[1743,1886,1770,1868,1766,1757,1878,1717,1795,1630,1878,1778,1536,1890,1754,1813,1702,1774,1659,1746,1820,1777,1803,1717,1709,1813,1766,1873,1827,1495],[2199,2317,2269,2252,2195,2082,2301,2240,2237,2185,2331,2120,2257,2330,1412,2157,2212,1261,971,2096,2261,2276,2235,2146,2193,2253,2237,2291,2248,2263]]
ExeT=(3057.4629333333332,4427.787200000001,6278.778933333332,7447.4576000000025,)
miss=(275,1125,1764,2127,)
mean_misspercent=(28.537407914710183,79.07719433934473,90.57761230835465,92.69697240480586,)
mean_missinduced=(846,24968,51108,63086,)
