ExeT_All=[[3122.752000,2979.176000,2949.040000,3043.264000,2971.328000,3080.728000,3264.152000,2988.832000,2981.544000,2994.680000,2790.760000,2950.528000,3400.712000,3055.328000,2762.968000,3553.288000,2902.712000,3194.504000,3186.608000,2909.984000,3320.648000,3121.752000,3036.616000,3103.072000,3062.528000,3199.368000,2884.672000,2908.376000,3018.520000,2950.112000],[4344.344000,4275.256000,4248.704000,4512.080000,4604.344000,4311.216000,4576.640000,4364.048000,4208.672000,4499.216000,4176.016000,3978.296000,4536.880000,4414.408000,4113.440000,4534.384000,4577.680000,4562.704000,4649.536000,4775.872000,4392.400000,4495.288000,4531.560000,4900.096000,4447.192000,4496.432000,4600.632000,4358.984000,4431.952000,4278.752000],[6550.624000,5949.392000,5589.032000,6260.976000,6242.720000,6439.344000,6627.232000,5846.712000,6317.472000,6023.112000,6034.048000,6013.328000,6433.688000,6524.472000,6013.400000,6792.472000,6392.664000,6462.768000,6584.248000,6057.424000,6383.824000,4905.688000,6556.856000,6516.768000,6351.144000,6896.816000,6701.424000,6337.336000,5899.560000,5829.880000],[7943.664000,7789.584000,7696.912000,7856.904000,7784.736000,7707.480000,8379.928000,7640.112000,7415.672000,7596.992000,7292.624000,7587.080000,8201.600000,7847.632000,7845.248000,8011.312000,7848.928000,7839.664000,7949.616000,7644.128000,7876.128000,8006.568000,7708.032000,8458.768000,7744.448000,8495.504000,8203.584000,7725.680000,7323.480000,7595.288000]]
miss_All=[[323,296,278,517,309,45,341,140,238,153,454,73,404,600,106,406,157,312,127,88,592,692,215,211,107,309,81,241,234,373],[1259,633,1267,1281,1336,1217,1283,1018,955,908,1331,1197,771,1360,1046,1042,1091,896,969,1196,1347,1320,1322,1080,1071,1314,1311,1139,1270,986],[1814,1837,1796,1849,1832,1778,1815,1772,1873,1622,1860,1814,1790,1827,1783,1795,1839,1796,1738,1746,1856,1382,1846,1664,1798,1818,1808,1866,1801,1764],[2217,2338,2284,2260,2228,2189,2269,2237,2285,2153,2313,2181,2279,2301,2276,2219,2273,2262,2218,2150,2266,2246,2207,2224,2220,2244,2296,2295,2208,2221]]
ExeT=(3056.285066666667,4439.9008,6251.147466666665,7833.909866666668,)
miss=(280,1140,1785,2245,)
mean_misspercent=(28.967930468308552,80.06948465728593,92.35748888900748,94.07499171147008,)
mean_missinduced=(498,19259,50618,65940,)
