ExeT_All=[[3110.696000,3009.360000,2960.688000,3070.248000,2972.920000,3068.072000,3267.848000,2986.224000,2989.032000,2985.632000,2775.384000,2961.264000,3408.088000,3056.016000,2780.120000,3555.088000,2922.808000,3203.720000,3191.032000,2908.896000,3316.512000,3119.688000,3043.096000,3103.824000,3061.776000,3186.072000,2892.200000,2930.224000,3027.416000,2955.320000],[4348.032000,4279.784000,4227.872000,4476.888000,4613.040000,4242.816000,4583.240000,4350.544000,4211.320000,4508.568000,4179.768000,3982.520000,4541.016000,4111.608000,4117.224000,4537.976000,4582.592000,4578.144000,4637.392000,4754.392000,4404.880000,4483.536000,4511.504000,4913.272000,4426.536000,4511.784000,4605.608000,4354.856000,4423.512000,4273.904000],[6554.400000,5976.456000,5541.240000,6071.608000,6139.752000,6368.088000,6612.360000,5852.576000,6256.144000,5979.720000,5971.080000,5863.544000,6364.200000,6486.288000,5998.416000,6791.312000,6404.224000,6303.952000,6653.872000,5994.728000,6356.712000,6331.544000,6555.184000,6498.992000,6272.160000,6769.872000,6689.600000,6094.480000,5896.448000,5818.624000],[7935.080000,7742.024000,7688.040000,7644.264000,7627.424000,7609.088000,8323.024000,7639.672000,6333.776000,7481.312000,7239.568000,7556.352000,8178.976000,7661.728000,7959.280000,8034.096000,7870.120000,7679.448000,7891.144000,7625.840000,7752.384000,7971.208000,7666.080000,8173.176000,7688.816000,8428.784000,7739.696000,7624.312000,6002.016000,7529.976000]]
miss_All=[[315,294,285,516,324,47,342,128,223,167,455,78,404,590,114,415,164,326,130,85,595,692,240,245,101,302,87,253,255,391],[1256,642,1261,1270,1337,1219,1279,1006,1014,910,1322,1196,758,1327,1029,1045,1076,904,958,1183,1348,1320,1323,1076,1075,1315,1311,1168,1271,1024],[1801,1845,1778,1817,1819,1764,1812,1765,1850,1616,1823,1783,1757,1787,1784,1779,1841,1793,1734,1723,1833,1795,1841,1646,1770,1790,1798,1848,1799,1771],[2219,2291,2250,2208,2179,2141,2227,2207,1924,2141,2256,2151,2271,2239,2237,2194,2274,2217,2181,2145,2242,2205,2183,2172,2170,2206,2109,2245,1875,2196]]
ExeT=(3060.642133333334,4425.804266666667,6248.919200000002,7676.556799999999,)
miss=(285,1140,1785,2185,)
mean_misspercent=(29.432100304104928,80.17397756939326,92.41078085338022,93.97980140376107,)
mean_missinduced=(0,0,0,0,)
