ExeT_All=[[3125.320000,2963.776000,2947.360000,3003.280000,2957.368000,3065.728000,3259.864000,2977.128000,3003.192000,3021.392000,2748.320000,2954.808000,3404.912000,3053.584000,2665.248000,3519.944000,2905.120000,3224.744000,3076.288000,2908.072000,3320.656000,3091.792000,3036.680000,3100.272000,3065.568000,3159.752000,2880.528000,2885.592000,3021.856000,2978.512000],[4385.560000,4274.792000,4245.344000,4364.576000,4594.368000,4278.216000,4606.568000,4283.296000,4170.576000,4507.392000,4086.064000,4194.160000,4492.752000,4210.064000,4231.184000,4500.648000,4590.664000,4533.552000,4629.248000,4716.488000,4425.512000,4522.736000,4487.856000,4915.488000,4407.176000,4536.232000,4538.992000,4376.736000,4389.024000,4286.472000],[6579.976000,5884.000000,5546.600000,6304.264000,6175.888000,6402.336000,6586.912000,5877.936000,6321.880000,5903.064000,5987.632000,5666.984000,6308.208000,6576.392000,5980.424000,6709.680000,6336.800000,6408.856000,6614.456000,3682.544000,6305.704000,6325.616000,6376.920000,6531.088000,6277.912000,6727.616000,6726.416000,6324.920000,5887.208000,5814.472000],[8029.952000,7710.312000,7531.368000,7809.136000,7711.376000,7683.944000,8159.496000,7565.984000,7390.776000,7573.000000,7300.936000,7576.248000,8134.840000,7790.024000,7864.304000,8015.504000,7882.208000,7749.120000,7755.960000,7600.840000,7782.560000,8023.448000,7649.368000,8238.048000,7771.904000,8395.720000,8152.912000,7664.760000,7309.488000,7562.088000]]
miss_All=[[305,240,112,335,79,25,202,72,119,402,180,64,304,763,49,668,106,246,46,52,658,212,415,72,108,288,11,51,111,293],[1189,876,1106,1122,1035,1242,1151,1131,752,804,1249,1241,724,1350,937,1022,818,1156,826,1250,1311,1291,925,921,819,848,1270,1080,1160,820],[1732,1858,1763,1810,1579,1716,1804,1595,1743,1592,1764,1727,1593,1872,1603,1766,1655,1734,1649,967,1800,1763,1701,1589,1676,1748,1742,1861,1762,1406],[2186,2340,2184,2195,2133,2030,2291,2204,2189,2020,2219,2057,2179,2295,2221,2126,2204,2221,2090,2043,2230,2257,2121,2108,2105,2185,2188,2266,2254,2127]]
ExeT=(3044.2218666666668,4426.057866666668,6171.756800000001,7779.5208,)
miss=(219,1047,1685,2175,)
mean_misspercent=(22.676253374958314,73.46921698354387,87.60809901017846,91.1732373256418,)
mean_missinduced=(712,21374,48273,64430,)
