ExeT_All=[[3118.736000,2970.936000,2970.144000,3022.640000,2967.424000,3075.112000,3248.840000,2977.552000,3009.792000,3079.616000,2754.832000,2962.440000,3351.888000,3057.744000,2780.096000,3573.400000,2903.536000,3272.784000,3120.184000,2901.632000,3306.648000,3108.088000,3047.360000,3105.496000,3024.912000,3159.000000,2899.808000,2973.152000,3009.168000,2940.040000],[4294.008000,4300.336000,4238.336000,4449.120000,4621.992000,4278.336000,4596.928000,4353.920000,4177.888000,4504.592000,4032.208000,4114.304000,4520.992000,4257.112000,4229.096000,4479.264000,4580.240000,4604.232000,4621.680000,4803.536000,4395.640000,4476.616000,4531.232000,4850.920000,4414.952000,4415.576000,4575.880000,4496.392000,4394.312000,4272.080000],[6427.840000,5971.224000,5574.960000,6297.016000,6203.912000,6426.392000,6595.488000,5868.848000,6352.536000,5926.576000,6059.032000,5984.040000,6400.904000,6536.952000,6057.008000,6794.864000,6362.000000,6334.520000,6589.888000,6013.480000,6314.200000,6315.264000,6432.160000,6601.136000,6298.456000,6833.608000,6733.216000,6337.120000,5898.952000,5838.728000],[8013.184000,7760.592000,7576.568000,7925.944000,7757.512000,7673.104000,8347.408000,7460.680000,7412.656000,7589.640000,7366.072000,7581.000000,8073.072000,7776.736000,7730.056000,7993.672000,7842.512000,7833.240000,7816.384000,7621.888000,7885.304000,7860.104000,7755.104000,8413.288000,7747.688000,8407.024000,7331.248000,7681.840000,7314.768000,7616.224000]]
miss_All=[[285,327,230,370,132,20,306,27,81,484,474,7,272,753,114,699,104,393,173,134,632,498,274,427,185,352,38,74,74,269],[1203,971,1198,1320,1263,1221,1254,1188,816,865,1343,1287,856,1382,1063,1028,892,1022,916,1191,1338,1310,1146,1158,893,998,1285,1147,1192,836],[1744,1886,1774,1866,1756,1772,1865,1680,1794,1619,1878,1792,1550,1888,1743,1809,1708,1771,1658,1746,1820,1777,1801,1715,1712,1816,1816,1866,1814,1478],[2196,2335,2268,2252,2199,2096,2304,2241,2222,2192,2333,2129,2258,2329,2214,2163,2205,2264,2149,2094,2278,2250,2241,2143,2176,2244,2001,2288,2251,2265]]
ExeT=(3056.4333333333334,4429.390666666667,6279.344,7772.150399999999,)
miss=(273,1119,1763,2219,)
mean_misspercent=(28.300106214013,78.61738508639904,90.57574921653001,93.22096413695148,)
mean_missinduced=(806,25044,51246,65799,)
