ExeT_All=[[3129.464000,2985.488000,2957.248000,3048.208000,2970.960000,3067.696000,3248.896000,2972.352000,3000.792000,2984.400000,2772.848000,2971.240000,3382.040000,3046.376000,2790.080000,3558.488000,2906.096000,3203.984000,3202.120000,2898.104000,3312.328000,3130.368000,3041.048000,3112.896000,3063.568000,3207.584000,2885.088000,2918.536000,3016.528000,2989.656000],[4442.624000,4271.864000,4243.424000,4437.448000,4628.472000,4342.104000,4581.624000,4286.800000,4193.512000,4515.816000,4147.928000,3971.112000,4540.448000,4401.856000,4252.264000,4540.728000,4599.976000,4557.888000,4638.688000,4764.552000,4395.632000,4513.832000,4522.568000,4914.760000,4433.680000,4510.112000,4596.112000,4323.056000,4393.360000,4264.352000],[6527.072000,5953.840000,5611.928000,6397.288000,6324.056000,6504.736000,5847.872000,5902.728000,6375.392000,6257.504000,6113.824000,5848.128000,6391.632000,6551.168000,6084.072000,6851.832000,6410.888000,6550.016000,6671.680000,6057.472000,6469.608000,6346.024000,6585.848000,6609.224000,6335.432000,6934.320000,6719.120000,6185.672000,5976.696000,5796.544000],[8081.776000,7794.248000,7731.952000,8032.288000,7905.112000,7837.720000,8477.760000,5051.400000,7502.360000,7815.408000,7499.456000,7875.904000,8290.336000,7893.992000,8016.896000,8116.640000,7986.984000,7932.176000,8045.656000,7855.232000,8035.248000,8113.592000,7893.216000,8280.288000,7858.528000,8600.392000,8296.728000,7787.152000,7502.416000,7739.944000]]
miss_All=[[314,285,286,503,338,46,343,130,234,196,445,79,405,610,119,411,162,322,136,89,533,711,245,247,104,324,81,239,199,389],[1289,635,1280,1248,1341,1243,1276,888,971,906,1332,1250,778,1332,1069,1051,1099,906,966,1186,1360,1339,1287,1089,1117,1288,1313,1232,1266,1001],[1828,1871,1819,1917,1884,1832,1572,1775,1865,1639,1884,1819,1821,1861,1806,1820,1880,1803,1783,1752,1903,1832,1851,1685,1812,1850,1830,1890,1811,1783],[2285,2369,2314,2331,2313,2244,2317,1526,2320,2182,2393,2229,2340,2349,2347,2269,2361,2303,2269,2215,2363,2289,2315,2261,2310,2307,2378,2333,2261,2273]]
ExeT=(3059.1493333333337,4440.886399999999,6306.387199999999,7861.693333333331,)
miss=(284,1144,1815,2278,)
mean_misspercent=(29.341242863254546,80.16215457085406,93.02834477986549,94.88051638821456,)
mean_missinduced=(705,21039,51506,67250,)
