ExeT_All=[[3124.712000,2983.872000,2945.960000,3061.504000,2967.472000,3068.376000,3257.392000,2980.016000,2993.464000,2994.328000,2767.608000,2962.672000,3403.424000,3041.008000,2783.208000,3555.448000,2901.008000,3205.824000,3176.600000,2899.832000,3323.864000,3117.328000,3046.336000,3107.856000,3044.624000,3188.072000,2880.416000,2917.376000,3020.416000,2968.440000],[4353.840000,4284.448000,4247.000000,4441.776000,4620.504000,4288.312000,4570.064000,4357.392000,4220.080000,4518.752000,4176.536000,3983.856000,4540.168000,4403.472000,4111.160000,4531.816000,4577.216000,4659.800000,4643.712000,4768.312000,4390.928000,4480.160000,4520.408000,4902.656000,4434.616000,4514.184000,4588.968000,4370.280000,4425.024000,4273.704000],[6574.072000,5955.360000,5582.824000,6216.136000,6246.856000,6423.776000,6639.376000,5837.176000,6344.072000,6032.088000,6023.080000,6005.928000,6422.824000,6586.136000,6014.168000,6798.968000,6390.264000,6447.920000,6590.976000,6071.120000,6377.664000,6321.288000,6555.616000,6508.664000,6355.192000,6881.008000,6669.696000,6335.824000,5918.864000,5798.496000],[7946.608000,7772.328000,7706.408000,7856.832000,7786.496000,7705.768000,8343.840000,7616.912000,7399.464000,7571.216000,7325.976000,7647.544000,8203.896000,7686.616000,7940.936000,8005.512000,7893.592000,7971.752000,7953.208000,7621.632000,7872.392000,7949.648000,7728.512000,8218.016000,7747.288000,8499.768000,8168.480000,7740.712000,7325.512000,7543.368000]]
miss_All=[[326,295,280,518,301,45,329,133,229,164,452,76,412,598,118,405,159,326,128,86,590,690,214,224,102,315,80,239,286,390],[1262,643,1272,1273,1336,1223,1276,1011,1017,909,1332,1203,770,1361,1046,1043,1111,921,978,1183,1349,1320,1321,1077,1074,1325,1304,1167,1272,975],[1812,1836,1791,1853,1831,1777,1818,1763,1873,1622,1863,1775,1795,1825,1792,1794,1836,1799,1728,1754,1851,1800,1852,1651,1803,1817,1797,1872,1804,1735],[2215,2306,2284,2260,2224,2192,2238,2230,2282,2158,2323,2188,2280,2275,2281,2199,2297,2267,2211,2135,2297,2230,2213,2197,2218,2235,2298,2294,2229,2206]]
ExeT=(3056.2818666666662,4439.971466666667,6297.514399999999,7825.007733333332,)
miss=(283,1145,1797,2242,)
mean_misspercent=(29.270572144720454,80.36712149105266,92.31232081202448,93.99157363988519,)
mean_missinduced=(522,19360,50861,65949,)
