ExeT_All=[[3127.896000,2999.472000,2957.648000,3046.344000,2971.728000,3072.432000,3257.544000,2974.336000,3003.856000,2986.544000,2748.928000,2958.288000,3409.328000,3055.736000,2783.216000,3545.840000,2914.328000,3199.368000,3189.960000,2891.920000,3316.872000,3120.856000,3036.520000,3109.816000,3064.848000,3189.448000,2876.928000,2925.344000,3005.512000,2936.648000],[4341.120000,4278.232000,4240.328000,4471.552000,4613.040000,4234.056000,4572.824000,4360.816000,4218.616000,4524.368000,4178.872000,3989.880000,4540.536000,4112.720000,4106.632000,4533.144000,4579.792000,4648.448000,4643.632000,4773.080000,4400.536000,4481.328000,4515.624000,4903.048000,4442.000000,4509.664000,4598.936000,4360.008000,4427.720000,4287.104000],[6548.176000,5962.608000,5553.840000,6081.328000,6152.256000,6361.376000,6605.304000,5827.480000,6248.568000,5964.376000,5966.136000,5864.200000,6383.408000,6497.464000,6016.744000,6804.200000,6388.864000,6276.432000,6641.304000,5991.640000,6368.256000,6334.328000,6514.952000,6502.760000,6285.704000,6673.432000,6672.848000,6088.720000,5899.208000,5813.136000],[7848.992000,7745.720000,7699.096000,7644.376000,7627.056000,7639.976000,6892.448000,7623.048000,7281.376000,7488.256000,7239.432000,7534.392000,8177.376000,7667.664000,7970.880000,8012.400000,7894.424000,7675.176000,7889.168000,7638.824000,7740.960000,7968.248000,7674.704000,8193.088000,7667.984000,8397.952000,8065.960000,7609.184000,7278.880000,7541.096000]]
miss_All=[[323,297,282,506,302,42,341,126,223,165,447,92,398,594,118,414,163,323,130,87,608,700,248,236,109,312,81,244,274,379],[1258,648,1265,1276,1339,1220,1287,1109,976,913,1323,1188,787,1327,1016,1045,1103,918,956,1193,1346,1320,1320,1082,1091,1325,1307,1142,1268,994],[1803,1827,1777,1817,1820,1759,1817,1766,1849,1611,1820,1785,1758,1785,1768,1781,1836,1779,1735,1726,1837,1794,1829,1647,1773,1783,1789,1848,1796,1742],[2205,2289,2252,2209,2180,2145,1790,2203,2243,2147,2254,2150,2271,2239,2246,2185,2277,2216,2179,2145,2237,2205,2193,2174,2170,2210,2219,2248,2175,2201]]
ExeT=(3055.9168000000004,4429.5885333333335,6242.968266666667,7710.937866666665,)
miss=(285,1144,1781,2195,)
mean_misspercent=(29.465649032513777,80.45768944624574,92.28451857683243,94.00800099573036,)
mean_missinduced=(536,19229,50406,64423,)
