ExeT_All=[[3117.824000,2967.664000,2963.224000,2993.696000,2959.568000,3072.928000,3261.888000,2975.608000,3004.432000,3027.896000,2750.888000,2957.936000,3423.896000,3052.432000,2687.152000,3539.408000,2885.536000,3217.080000,3094.328000,2913.760000,3240.040000,3098.128000,3023.376000,3104.264000,3063.760000,3146.184000,2897.136000,2950.200000,3010.800000,2974.976000],[4361.720000,4293.752000,4237.832000,4499.344000,4598.464000,4284.912000,4599.464000,4278.104000,4177.240000,4491.720000,4092.528000,4185.544000,4468.520000,4185.800000,4168.400000,4519.336000,4599.080000,4523.168000,4633.944000,4561.832000,4446.552000,4522.272000,4484.488000,4627.272000,4420.216000,4377.264000,4525.496000,4344.192000,4418.624000,4276.832000],[6558.848000,5897.488000,5534.888000,6186.776000,6186.024000,6419.720000,6591.000000,5869.040000,6299.712000,5898.088000,5891.464000,5982.240000,6311.512000,6528.392000,5966.472000,6749.248000,6383.992000,6454.544000,6577.520000,5910.312000,6362.280000,6338.824000,6331.424000,6586.032000,6275.800000,6734.928000,6687.800000,6354.680000,5920.352000,5801.064000],[8013.296000,7715.800000,7697.608000,7805.920000,7761.160000,7678.672000,8219.296000,7567.560000,7399.840000,7596.392000,7356.432000,7578.368000,8118.056000,7801.256000,7698.312000,8014.464000,7883.560000,7954.784000,7737.448000,7614.032000,7720.160000,7854.688000,7661.248000,8247.864000,7772.216000,7579.648000,8162.504000,7667.312000,7287.368000,7576.832000]]
miss_All=[[239,255,71,327,91,26,189,63,129,392,195,43,320,755,50,664,98,349,55,37,649,421,420,79,94,279,14,57,71,310],[1189,770,1104,1131,1035,1231,1148,1101,823,804,1258,1264,657,1344,971,1021,840,1085,614,1126,1321,1287,999,891,815,804,1269,1070,1147,756],[1726,1859,1762,1792,1618,1715,1815,1582,1751,1594,1747,1748,1591,1860,1621,1747,1641,1736,1633,1693,1830,1769,1703,1673,1672,1751,1742,1861,1771,1486],[2167,2339,2216,2195,2124,2022,2291,2216,2198,2020,2222,2054,2176,2317,2122,2134,2197,2236,2079,2060,2220,2227,2130,2092,2109,1964,2184,2262,2234,2162]]
ExeT=(3045.8669333333332,4406.797066666666,6253.015466666668,7758.069866666667,)
miss=(224,1029,1716,2165,)
mean_misspercent=(23.250615511583657,72.2207905727915,88.19467866256817,90.99127722503714,)
mean_missinduced=(669,21342,49352,64173,)
