ExeT_All=[[3117.456000,2981.672000,2956.496000,3059.776000,2964.960000,3072.512000,3251.112000,2976.712000,2999.048000,2988.600000,2781.192000,2968.312000,3401.720000,3054.528000,2779.368000,3559.520000,2907.840000,3191.128000,3197.984000,2911.840000,3312.344000,3129.656000,3048.728000,3110.480000,3056.568000,3200.784000,2887.744000,2919.784000,3006.000000,2949.392000],[4443.976000,4289.576000,4235.104000,4456.768000,4618.328000,4341.664000,4580.424000,4300.704000,4190.384000,4527.584000,4164.224000,3970.504000,4535.592000,4414.448000,4238.936000,4531.792000,4586.664000,4561.936000,4641.192000,4753.496000,4391.696000,4517.408000,4525.816000,3893.320000,4441.480000,4504.920000,4600.264000,4318.200000,4417.248000,4273.480000],[6506.552000,5955.736000,5629.496000,6399.016000,6313.944000,6511.824000,6674.944000,5898.928000,6412.320000,6242.744000,6114.104000,5880.192000,6451.912000,6572.840000,6097.608000,6851.520000,6411.648000,6576.232000,6682.104000,6079.376000,6438.424000,6346.736000,6556.952000,6636.544000,6344.312000,6927.760000,6710.944000,6179.096000,5973.240000,5798.440000],[7928.832000,7818.352000,7769.088000,8014.168000,7768.032000,7838.728000,8480.472000,7722.968000,7521.336000,7715.728000,7472.512000,7858.552000,8292.952000,7911.576000,6388.880000,8098.088000,7991.720000,7929.160000,8045.736000,7816.792000,8044.232000,8075.368000,7834.424000,8467.408000,7881.784000,8540.040000,8277.040000,7829.352000,7375.416000,7717.024000]]
miss_All=[[313,282,287,500,313,46,346,131,239,159,455,93,399,609,120,416,160,321,138,83,521,708,303,246,103,310,82,248,199,385],[1288,638,1281,1267,1338,1240,1283,891,964,913,1329,1256,765,1340,1069,1053,1096,918,951,1191,1353,1339,1249,873,1131,1317,1310,1232,1278,971],[1826,1870,1816,1912,1865,1834,1867,1744,1888,1630,1891,1823,1852,1862,1802,1804,1879,1814,1779,1760,1900,1820,1841,1690,1817,1850,1830,1891,1810,1786],[2274,2379,2329,2332,2298,2225,2295,2284,2314,2179,2375,2238,2341,2330,1816,2277,2363,2297,2269,2212,2362,2279,2305,2278,2303,2285,2358,2350,2245,2263]]
ExeT=(3058.108533333333,4408.904266666666,6339.1829333333335,7880.858666666667,)
miss=(283,1137,1825,2281,)
mean_misspercent=(29.287252130464648,79.98178730035875,93.02584418731618,94.88926124360842,)
mean_missinduced=(612,20857,51615,67240,)
