ExeT_All=[[3121.672000,2985.536000,2961.632000,3062.784000,2969.632000,3070.528000,3254.536000,2977.240000,2990.832000,2986.824000,2779.712000,2971.592000,3399.040000,3065.360000,2779.744000,3541.248000,2905.336000,3196.568000,3195.496000,2897.768000,3325.328000,3115.160000,3043.824000,3111.176000,3058.152000,3191.904000,2870.776000,2919.048000,3017.464000,2950.432000],[4348.944000,4275.800000,4242.008000,4473.696000,4615.024000,4231.856000,4580.760000,4355.376000,4205.464000,4531.184000,4183.648000,3977.784000,4537.816000,4122.168000,4111.632000,4536.384000,4592.528000,4560.592000,4640.808000,4763.824000,4385.952000,4488.872000,4528.752000,4895.936000,4438.288000,4513.872000,4598.264000,4370.944000,4416.000000,4278.040000],[6547.848000,5973.472000,5535.296000,6105.320000,6121.408000,6365.144000,6620.400000,5850.440000,6267.792000,5970.960000,5958.712000,5985.472000,6364.352000,6495.464000,6022.712000,6799.584000,6389.480000,6282.760000,6641.328000,5990.256000,6366.376000,6331.456000,6524.976000,6487.952000,6284.784000,6673.800000,6690.576000,6296.600000,5897.904000,5802.384000],[7855.800000,7735.128000,7701.808000,7630.168000,7616.224000,7612.880000,8271.632000,7642.944000,7290.016000,7478.168000,7231.184000,7523.504000,8174.312000,7656.784000,7954.496000,8030.616000,7827.704000,7680.288000,7903.552000,7607.800000,7768.352000,7954.896000,7657.672000,8182.632000,7675.648000,8432.720000,8065.128000,7617.984000,7295.640000,7525.456000]]
miss_All=[[311,295,283,511,324,49,331,131,228,199,452,89,409,603,116,393,158,314,125,83,588,692,244,227,104,311,81,243,283,384],[1256,653,1262,1268,1337,1212,1283,1035,961,904,1324,1180,790,1324,1048,1043,1064,901,981,1202,1344,1319,1318,1087,1098,1326,1306,1171,1270,982],[1803,1843,1777,1817,1795,1760,1817,1762,1850,1622,1820,1769,1763,1787,1771,1779,1834,1781,1735,1734,1837,1799,1835,1652,1769,1784,1793,1874,1800,1738],[2200,2291,2252,2204,2183,2144,2190,2207,2243,2144,2256,2143,2271,2240,2239,2195,2247,2215,2179,2147,2237,2204,2183,2173,2170,2209,2212,2246,2173,2199]]
ExeT=(3057.211466666666,4426.7405333333345,6254.833599999998,7753.3712000000005,)
miss=(285,1141,1783,2206,)
mean_misspercent=(29.44587353708687,80.19906665367051,92.2917697596322,94.00408100239206,)
mean_missinduced=(0,0,0,0,)
