ExeT_All=[[3112.752000,2988.864000,2947.624000,3063.968000,2966.280000,3062.064000,3249.136000,2972.176000,2996.720000,2984.136000,2778.544000,2968.512000,3390.048000,3052.120000,2776.904000,3547.920000,2921.344000,3203.896000,3231.224000,2896.968000,3305.184000,3124.144000,3039.952000,3101.272000,3071.800000,3189.552000,2876.584000,2922.072000,3025.552000,2947.120000],[4451.184000,4292.928000,4254.864000,4426.656000,4615.360000,4350.256000,4591.168000,4358.256000,4198.216000,4531.680000,4164.000000,3983.552000,4535.456000,4415.784000,4244.072000,4536.064000,4613.720000,4577.728000,4639.424000,4787.848000,4408.656000,4518.616000,4522.136000,4907.568000,4448.872000,4524.512000,4602.176000,4318.216000,4402.968000,4277.232000],[6516.968000,5961.896000,5623.128000,6254.800000,6312.072000,6510.328000,6662.472000,5909.968000,6351.768000,6253.472000,6102.200000,6087.816000,6394.440000,6535.112000,6106.048000,6863.704000,6420.440000,6588.544000,6673.216000,6072.968000,6460.344000,6335.264000,6581.064000,6620.840000,6339.992000,6931.128000,6718.184000,6188.016000,5946.576000,5788.960000],[8098.464000,7802.528000,7748.768000,8021.640000,7897.736000,7835.064000,8484.008000,7729.400000,7529.424000,7839.096000,7524.536000,7853.472000,8303.768000,7895.240000,7998.296000,8114.088000,8003.840000,8176.632000,8033.560000,7741.208000,8036.904000,8103.816000,7839.008000,8536.120000,7825.968000,8618.520000,8310.832000,7787.168000,7494.856000,7749.488000]]
miss_All=[[312,282,282,510,311,52,347,107,229,147,446,75,403,612,114,404,157,316,151,81,517,715,258,221,103,311,77,244,214,386],[1289,639,1275,1243,1341,1244,1275,925,1005,907,1329,1269,789,1332,1053,1052,1099,916,993,1204,1358,1339,1252,1086,1108,1302,1316,1233,1255,967],[1826,1871,1824,1896,1873,1833,1865,1758,1865,1640,1885,1838,1822,1856,1795,1822,1876,1805,1783,1753,1898,1820,1851,1660,1807,1849,1831,1891,1795,1791],[2287,2369,2317,2328,2309,2242,2319,2296,2322,2200,2398,2232,2342,2349,2342,2273,2353,2327,2272,2211,2369,2289,2313,2281,2295,2311,2387,2333,2260,2273]]
ExeT=(3057.1477333333332,4449.972266666667,6337.0576,7964.448266666668,)
miss=(279,1146,1822,2306,)
mean_misspercent=(28.832034740534485,80.28359894601127,92.98130574026187,94.9669549255875,)
mean_missinduced=(642,21104,51793,68049,)
