ExeT_All=[[3122.352000,2965.320000,2929.400000,2998.424000,2976.000000,3064.272000,3252.576000,2897.448000,2998.840000,3023.336000,2751.776000,2955.816000,3407.016000,3054.352000,2674.488000,3524.112000,2895.984000,3202.256000,3091.712000,2915.032000,3312.200000,3097.440000,3016.504000,3100.048000,3063.808000,3151.792000,2888.240000,2924.568000,3015.288000,2984.680000],[4385.904000,4274.408000,4232.760000,4381.816000,4568.168000,4226.400000,4585.072000,4290.384000,4139.944000,4509.864000,4102.200000,4217.760000,4494.992000,4192.016000,4166.824000,4506.504000,4586.040000,4465.200000,4609.192000,4639.176000,4430.560000,4515.368000,4494.728000,4623.496000,4394.584000,4544.400000,4524.128000,4330.160000,4419.048000,4287.856000],[6562.544000,5946.808000,5500.176000,6130.912000,6097.016000,6329.704000,6567.456000,5874.992000,6262.384000,5940.688000,5976.288000,5823.008000,6439.584000,6561.736000,5989.368000,6722.864000,6304.256000,6149.472000,6646.856000,6002.576000,6293.296000,6338.040000,6446.984000,6333.088000,6299.864000,6857.488000,6694.520000,6160.032000,5917.952000,5820.592000],[7931.976000,7692.048000,7710.304000,7616.032000,7427.880000,7627.712000,8222.208000,7448.896000,7264.392000,7333.576000,7227.392000,7495.232000,8021.144000,7787.016000,7881.280000,8026.576000,7674.264000,7745.872000,7786.016000,7614.240000,7789.880000,7820.896000,7648.032000,8271.280000,7764.944000,8352.360000,8127.608000,7659.328000,7218.744000,7536.464000]]
miss_All=[[399,173,52,332,94,27,202,69,62,401,191,40,298,761,42,665,93,223,60,50,638,452,245,76,104,297,15,62,74,275],[1190,951,1106,1118,1039,1238,1136,1121,813,799,1241,1261,720,1351,967,1018,837,923,712,1248,1313,1289,976,922,801,839,1271,1072,1155,794],[1716,1856,1746,1762,1630,1707,1802,1603,1745,1593,1745,1726,1590,1857,1600,1658,1619,1715,1614,1701,1771,1769,1689,1623,1659,1764,1742,1830,1764,1444],[2135,2312,2183,2142,2074,2011,2257,2156,2159,1979,2149,2028,2134,2277,2099,2065,2172,2206,2083,2054,2195,2199,2114,2077,2087,2158,2134,2234,2210,2117]]
ExeT=(3041.836,4404.631733333333,6233.018133333333,7724.119733333334,)
miss=(215,1040,1701,2140,)
mean_misspercent=(22.29722839625646,73.09969795644135,87.91842836874294,90.94362097217595,)
mean_missinduced=(662,20858,48859,63310,)
