ExeT_All=[[3372.792000,3024.064000,3043.424000,3051.424000,3044.008000,3270.200000,3378.280000,3131.608000,3115.944000,3323.920000,2813.632000,3076.960000,3412.752000,3142.624000,3006.544000,3669.896000,2932.816000,3274.864000,3239.248000,2948.664000,3579.984000,3345.752000,3069.048000,3177.752000,3063.744000,3181.176000,3015.704000,3115.568000,3078.280000,2968.584000],[4814.192000,4542.992000,4576.664000,4701.592000,4848.344000,4605.392000,4765.992000,4537.352000,4344.968000,4735.264000,4420.464000,4448.344000,4774.072000,4871.496000,4695.656000,4748.912000,4720.688000,4966.416000,5030.552000,4910.744000,4815.824000,4861.496000,4802.544000,5160.360000,4635.800000,4913.672000,4873.024000,4618.960000,4703.384000,4576.832000],[6995.704000,6262.544000,5998.136000,6575.664000,6637.744000,6765.144000,6838.104000,6135.632000,6489.864000,6333.952000,6286.744000,6213.912000,6733.504000,6997.360000,6715.352000,7257.952000,6558.536000,6670.904000,7095.328000,6294.896000,6946.280000,6759.800000,6856.488000,6986.656000,6642.400000,7312.624000,6990.288000,6790.168000,6302.840000,6185.536000],[8604.152000,8232.720000,8298.408000,8522.344000,8345.096000,8210.584000,8730.736000,8220.896000,7794.632000,7948.832000,7746.168000,8054.528000,8692.592000,8425.056000,8451.496000,8741.280000,8301.832000,8584.096000,8492.720000,8287.400000,8575.000000,8579.968000,8288.696000,8772.280000,8383.744000,8991.712000,8734.056000,8239.656000,7832.664000,8103.472000]]
miss_All=[[515,288,64,339,73,32,282,55,70,473,199,4,311,771,48,702,102,266,120,52,889,456,459,71,98,285,14,96,99,269],[1298,838,1185,1348,1142,1324,1147,1172,861,965,1340,1251,1016,1458,1081,1079,937,1323,904,1328,1399,1418,978,1037,909,998,1366,1143,1236,873],[1842,1962,1879,1928,1763,1828,1941,1701,1846,1741,1862,1847,1718,1959,1841,1843,1754,1834,1781,1826,1925,1927,1847,1747,1766,1899,1870,1958,1892,1576],[2321,2535,2404,2399,2375,2289,2437,2400,2423,2280,2352,2252,2299,2470,2302,2292,2402,2386,2322,2304,2407,2442,2329,2261,2310,2362,2377,2409,2423,2362]]
ExeT=(3162.3085333333333,4734.066399999999,6654.3351999999995,8372.893866666665,)
miss=(250,1145,1836,2364,)
mean_misspercent=(25.11450447068624,75.81631346142537,89.74086454700887,92.88838273503164,)
mean_missinduced=(0,0,0,0,)
