ExeT_All=[[3377.584000,3013.424000,3059.584000,3067.008000,3034.400000,3272.520000,3371.024000,3142.304000,3111.824000,3339.968000,2817.560000,3090.000000,3426.376000,3136.568000,3095.464000,3785.792000,2930.272000,3315.688000,3261.640000,2961.032000,3570.656000,3341.624000,3077.032000,3174.312000,3064.880000,3189.608000,3025.768000,3190.928000,3083.416000,2975.712000],[4826.944000,4552.560000,4551.840000,4703.384000,4848.408000,4592.608000,4758.640000,4545.712000,4351.792000,4742.712000,4416.112000,4450.768000,4792.704000,4754.288000,4690.920000,4966.616000,4737.640000,4972.104000,4948.056000,4926.336000,4745.912000,4850.592000,4796.672000,5075.032000,4643.576000,4853.864000,4851.792000,4616.912000,4681.088000,4585.720000],[6892.368000,6264.736000,5992.112000,6475.784000,6608.464000,6728.488000,6843.000000,6130.264000,6486.896000,6212.856000,6214.960000,6204.120000,6709.680000,6983.232000,6702.856000,7266.168000,6526.680000,6661.888000,6991.616000,6165.696000,6926.616000,6713.600000,6774.744000,6987.592000,6613.776000,7215.944000,6989.752000,6786.424000,6302.624000,6162.312000],[8555.512000,8219.120000,8193.360000,8417.536000,8308.032000,8179.968000,8736.800000,8130.224000,7765.336000,8022.040000,7839.040000,7997.768000,8608.752000,8416.784000,8433.280000,8743.104000,8248.056000,8599.208000,8549.904000,8137.936000,8480.408000,8582.144000,8251.168000,8796.496000,8346.136000,8996.232000,8720.824000,8246.384000,7830.888000,8071.120000]]
miss_All=[[485,328,256,386,114,57,363,169,94,512,463,99,310,793,116,735,110,394,170,148,873,486,274,461,188,297,38,89,78,440],[1273,1014,1291,1352,1333,1292,1325,1216,862,960,1442,1364,784,1465,1144,1129,1031,1181,900,1340,1414,1437,1377,1019,976,1251,1388,1356,1287,800],[1868,2010,1888,1954,1744,1873,2005,1798,1888,1748,1977,1888,1613,2001,1814,1866,1795,1922,1810,1853,1972,1929,1884,1807,1811,1945,1928,1977,1972,1586],[2360,2514,2458,2443,2445,2272,2485,2440,2391,2391,2496,2280,2447,2522,2389,2336,2365,2404,2363,2324,2453,2485,2385,2315,2335,2429,2423,2445,2498,2415]]
ExeT=(3176.798933333333,4727.710133333333,6617.841600000002,8347.452,)
miss=(310,1200,1870,2410,)
mean_misspercent=(31.2518229652289,79.66852143025535,91.81957580456772,94.98179865632135,)
mean_missinduced=(0,0,0,0,)
