ExeT_All=[[3109.648000,3011.936000,2953.992000,3067.272000,2967.016000,3070.168000,3259.264000,2982.112000,2988.248000,2978.208000,2779.176000,2961.336000,3397.688000,3044.664000,2772.976000,3557.144000,2895.512000,3193.648000,3189.712000,2890.736000,3316.792000,3118.880000,3044.672000,3128.152000,3050.296000,3182.800000,2873.056000,2922.400000,3020.496000,2958.536000],[4357.072000,4271.368000,4258.192000,4443.296000,4616.472000,4307.328000,4559.664000,4364.792000,4213.392000,4516.880000,4180.824000,3969.208000,4532.984000,4416.184000,4106.752000,4530.880000,4584.880000,4577.288000,4652.936000,4767.376000,4411.648000,4467.304000,4523.048000,4895.136000,4435.888000,4505.384000,4607.800000,4296.120000,4406.376000,4284.480000],[6575.104000,5949.848000,5579.752000,6287.816000,6224.312000,6434.056000,6624.120000,5841.968000,6347.248000,6042.480000,6045.400000,5865.544000,6428.344000,6564.328000,6025.120000,6797.048000,6396.136000,6331.048000,6571.600000,6063.880000,6370.328000,6327.040000,6553.024000,6503.624000,6379.744000,6903.216000,6632.176000,6334.648000,5887.856000,5832.296000],[7939.272000,7781.368000,7684.752000,7868.008000,7783.704000,7710.216000,8323.952000,7588.832000,7402.664000,7559.848000,7319.376000,7662.080000,8235.736000,7766.120000,7835.912000,7985.728000,7893.016000,7924.784000,7972.208000,7620.376000,7863.688000,7949.456000,7730.928000,5371.896000,7743.784000,6084.624000,8168.376000,7756.936000,7339.536000,7583.320000]]
miss_All=[[311,285,291,511,303,48,332,133,226,156,456,88,406,595,110,411,154,306,133,86,577,691,240,241,101,303,81,239,289,387],[1261,644,1266,1260,1339,1216,1273,1042,1003,912,1333,1198,783,1360,1033,1042,1111,908,980,1185,1347,1320,1319,1081,1057,1320,1308,1244,1264,1015],[1817,1841,1791,1862,1829,1779,1815,1768,1873,1625,1864,1776,1787,1826,1827,1792,1844,1787,1734,1747,1856,1798,1853,1643,1798,1820,1794,1868,1799,1767],[2222,2323,2284,2260,2226,2195,2232,2226,2284,2158,2321,2193,2288,2276,2272,2192,2295,2260,2208,2135,2293,2231,2207,1452,2222,1522,2297,2290,2224,2211]]
ExeT=(3056.2178666666673,4435.365066666667,6290.636800000001,7648.349866666667,)
miss=(283,1147,1799,2193,)
mean_misspercent=(29.182571202731697,80.54415717759748,92.37202974131249,93.76464993066864,)
mean_missinduced=(522,19298,50989,64489,)
