ExeT_All=[[3101.864000,3007.304000,2962.048000,3002.800000,2960.944000,3071.760000,3266.976000,2891.480000,3009.104000,3034.336000,2752.032000,2955.488000,3400.632000,3045.984000,2685.336000,3534.288000,2890.680000,3216.880000,3084.848000,2912.152000,3328.056000,3095.608000,3012.224000,3102.920000,3062.952000,3165.440000,2893.200000,2947.464000,3011.392000,2966.696000],[4376.344000,4278.432000,4245.304000,4499.440000,4600.000000,4283.520000,4592.408000,4283.080000,4165.608000,4502.256000,4090.072000,4205.264000,4476.928000,4201.704000,4162.280000,4510.088000,4605.040000,4512.392000,4633.344000,4573.104000,4441.312000,4513.160000,4473.960000,4627.176000,4390.216000,4412.032000,4540.992000,4317.592000,4418.272000,4201.976000],[6520.784000,5877.296000,5541.656000,6158.920000,6179.872000,6400.920000,6584.600000,5861.376000,6289.336000,5908.544000,5887.664000,5992.560000,6314.416000,6537.488000,5956.656000,6794.656000,6318.696000,6452.808000,6592.272000,5922.744000,6318.896000,6288.072000,6349.424000,6358.496000,6280.472000,6731.880000,6681.272000,6323.408000,5913.536000,5835.744000],[8020.928000,7713.632000,7666.304000,7855.872000,7680.816000,7691.768000,8159.768000,7601.400000,7397.744000,7586.376000,7292.880000,7563.840000,8137.632000,7813.976000,7745.952000,8016.384000,7884.824000,7763.488000,7741.168000,7599.368000,7748.400000,8032.248000,7661.736000,8237.432000,7772.960000,8495.224000,8229.008000,7680.720000,7283.632000,7557.960000]]
miss_All=[[257,228,79,333,102,27,188,63,61,375,191,53,298,762,49,668,102,234,67,27,651,437,255,72,98,279,14,43,77,294],[1195,882,1110,1114,1040,1243,1138,1133,773,801,1254,1262,833,1350,970,1023,884,1066,693,1145,1308,1284,926,885,824,1029,1273,1082,1158,714],[1727,1853,1762,1788,1618,1717,1804,1598,1749,1595,1749,1772,1594,1866,1599,1694,1627,1736,1613,1694,1823,1749,1704,1658,1672,1738,1745,1862,1773,1475],[2176,2340,2207,2196,2128,2032,2290,2204,2207,2021,2206,2057,2176,2324,2163,2126,2211,2222,2079,2063,2210,2260,2132,2105,2113,2194,2220,2261,2245,2130]]
ExeT=(3045.7629333333325,4404.443200000001,6239.148800000001,7787.781333333333,)
miss=(212,1046,1711,2176,)
mean_misspercent=(21.974529709916165,73.4544282080359,88.047993233075,91.11257974813495,)
mean_missinduced=(665,21059,49237,64328,)
