ExeT_All=[[3114.576000,2994.272000,2965.232000,3016.896000,2966.416000,3069.960000,3264.088000,2966.320000,3003.808000,3083.504000,2749.168000,2952.824000,3395.016000,3060.464000,2768.856000,3562.640000,2913.936000,3261.336000,3121.976000,2903.520000,3321.352000,3112.528000,3013.840000,3110.704000,3033.816000,3204.904000,2882.696000,2957.280000,3022.816000,2894.912000],[4453.960000,4295.728000,4233.568000,4450.608000,4631.456000,4292.608000,4598.952000,4349.864000,4177.272000,4502.568000,4020.408000,4119.104000,4496.920000,4248.448000,4176.576000,4479.424000,4577.016000,4600.840000,4614.368000,4812.904000,4384.160000,4480.288000,4519.496000,4845.728000,4419.040000,4419.480000,4558.792000,4484.064000,4375.680000,4228.464000],[6418.360000,5976.264000,5563.544000,6315.904000,6202.480000,6425.208000,6593.280000,5872.392000,6357.160000,5911.896000,6046.848000,5986.072000,6398.848000,6516.856000,6034.648000,6781.152000,6377.744000,6347.624000,6595.512000,6034.264000,6323.096000,6312.944000,6454.264000,6613.576000,6306.544000,6866.576000,6719.048000,6357.440000,5947.032000,5792.376000],[8029.344000,7763.928000,7595.576000,7962.016000,7765.912000,3569.024000,8342.176000,7447.600000,7430.584000,7471.792000,7266.712000,7602.760000,8046.080000,7699.120000,7716.408000,8016.488000,7841.200000,7813.488000,7813.616000,7634.528000,7806.224000,7937.600000,7768.400000,8378.704000,7751.672000,8398.472000,8195.784000,7704.904000,7320.464000,7570.464000]]
miss_All=[[283,221,135,369,134,19,298,32,35,500,470,97,295,756,105,697,109,391,131,72,623,506,291,435,170,294,40,74,70,357],[1227,884,1212,1317,1277,1226,1254,1183,818,865,1343,1285,718,1378,1027,1028,886,1026,777,1199,1331,1297,1147,1146,867,1032,1282,1161,1188,734],[1746,1886,1768,1866,1724,1759,1869,1690,1797,1629,1878,1783,1540,1886,1745,1808,1707,1770,1662,1741,1814,1775,1809,1715,1710,1810,1813,1871,1824,1472],[2196,2316,2264,2252,2194,857,2301,2236,2227,2175,2305,2125,2254,2329,2216,2164,2203,2261,2148,2085,2247,2271,2224,2145,2186,2235,2235,2290,2245,2254]]
ExeT=(3056.3218666666667,4428.259466666666,6281.631733333333,7655.368,)
miss=(266,1103,1762,2181,)
mean_misspercent=(27.58394855837451,77.5613918352315,90.48889873078775,92.74337145699546,)
mean_missinduced=(838,24665,51180,64760,)
