ExeT_All=[[3113.792000,2996.528000,2925.440000,3018.000000,2976.248000,3074.200000,3251.656000,2987.352000,3006.352000,3078.728000,2759.648000,2957.328000,3395.128000,3050.408000,2776.952000,3572.512000,2907.368000,3261.984000,3207.400000,2897.696000,3310.328000,3126.416000,3044.216000,3112.000000,3062.248000,3160.968000,2878.344000,2973.456000,3013.760000,2948.864000],[4377.616000,4283.392000,4248.744000,4443.928000,4633.728000,4289.312000,4578.384000,4354.248000,4182.496000,4497.312000,4038.816000,4106.352000,4506.880000,4250.368000,4186.104000,4472.808000,4578.432000,4606.504000,4623.424000,4803.672000,4382.824000,4479.832000,4515.840000,4855.936000,4361.944000,4413.032000,4575.704000,4478.912000,4376.952000,4229.568000],[3921.080000,5980.432000,5570.968000,6157.736000,6162.048000,6430.832000,6588.160000,5856.344000,6297.152000,5914.464000,6025.376000,5979.472000,6398.488000,6528.712000,3202.176000,6810.824000,6354.184000,6349.336000,6575.256000,6025.936000,6316.464000,6345.960000,6427.768000,6616.184000,6294.056000,6849.120000,6721.040000,6318.296000,5949.648000,5801.280000],[8022.224000,7768.256000,7612.408000,7932.376000,7719.192000,7682.128000,8344.616000,7472.456000,7410.656000,7558.640000,7302.624000,7583.456000,8065.840000,7734.216000,7988.008000,7983.464000,7835.648000,7870.352000,7860.120000,7610.712000,7877.600000,7851.576000,7761.512000,8216.552000,7750.976000,8397.200000,3580.648000,7670.848000,7299.208000,7587.648000]]
miss_All=[[281,218,136,366,136,24,271,35,89,507,455,6,281,760,103,698,108,395,108,89,543,482,284,425,177,320,38,77,99,264],[1197,732,1197,1317,1264,1223,1248,1221,805,864,1343,1280,1002,1390,1025,1029,893,1028,879,1217,1330,1291,1149,1157,1039,1037,1285,1171,1191,727],[951,1886,1773,1844,1705,1772,1861,1706,1770,1631,1879,1803,1550,1886,762,1794,1709,1775,1650,1745,1824,1786,1808,1716,1707,1815,1814,1866,1828,1458],[2197,2337,2269,2252,2198,2131,2304,2244,2221,2191,2331,2132,2254,2317,2230,2170,2213,2253,2148,2097,2263,2264,2233,2123,2185,2247,930,2288,2251,2259]]
ExeT=(3061.510666666667,4424.435466666667,6092.293066666666,7645.038666666665,)
miss=(259,1117,1702,2184,)
mean_misspercent=(26.7559956193875,78.58590424585334,89.93877174037384,93.0445171005904,)
mean_missinduced=(814,24723,49313,64794,)
