ExeT_All=[[3114.400000,3002.360000,2957.224000,3015.632000,2965.320000,3076.480000,3256.240000,2985.504000,2987.120000,3092.160000,2758.480000,2963.904000,3396.744000,3059.192000,2772.008000,3572.240000,2903.480000,3261.888000,3124.024000,2888.032000,3311.488000,3115.912000,3015.432000,3113.896000,3042.648000,3190.120000,2880.776000,2972.288000,3032.504000,2954.136000],[4382.872000,4269.216000,4252.872000,4499.384000,4600.376000,4243.128000,4601.136000,4358.152000,4153.544000,4515.976000,4016.688000,4126.072000,4532.312000,4243.104000,4192.520000,4479.896000,4583.512000,4595.224000,4579.424000,4804.768000,4403.496000,4491.952000,4507.600000,4853.392000,4369.168000,4416.240000,4572.088000,4492.712000,4385.888000,4283.968000],[6422.872000,5960.336000,5521.672000,6223.704000,6125.240000,6367.664000,6569.512000,5870.976000,6249.664000,5925.616000,6013.048000,5985.464000,6415.592000,6534.648000,6003.000000,6785.712000,6391.256000,6347.184000,6599.280000,5883.712000,6307.344000,6334.672000,6441.504000,6351.632000,6308.504000,6827.376000,6668.400000,6320.560000,5882.832000,5809.136000],[7922.912000,7708.504000,7565.784000,7708.976000,7561.704000,7641.744000,8332.984000,7447.880000,7298.088000,7458.400000,7219.312000,7545.576000,8068.744000,4903.320000,7789.904000,7991.216000,7828.448000,4073.896000,7712.464000,7581.880000,7708.664000,7884.824000,7720.264000,8297.632000,7680.816000,8352.488000,8082.040000,7617.736000,7259.864000,7560.224000]]
miss_All=[[282,219,212,361,465,20,287,37,84,525,446,97,272,762,108,697,110,399,131,82,631,509,231,430,169,279,38,80,76,277],[1201,799,1214,1319,1279,1220,1250,1235,783,862,1334,1285,864,1381,1024,1025,892,1020,779,1182,1336,1301,1106,1149,1011,1077,1297,1150,1202,842],[1726,1885,1765,1840,1730,1753,1857,1685,1784,1626,1867,1789,1542,1871,1707,1798,1710,1772,1657,1715,1811,1782,1799,1682,1696,1811,1746,1875,1799,1547],[2161,2303,2228,2190,2156,2058,2272,2199,2191,2145,2253,2100,2241,1280,2198,2116,2199,1063,2116,2086,2201,2243,2220,2119,2143,2218,2167,2247,2223,2244]]
ExeT=(3059.3877333333335,4426.889333333334,6248.2703999999985,7517.542933333333,)
miss=(277,1113,1754,2119,)
mean_misspercent=(28.637213060463417,78.33644123129996,90.66740530499541,92.89179709802826,)
mean_missinduced=(879,24670,50813,62821,)
