ExeT_All=[[3117.624000,2989.272000,2955.176000,3056.976000,2963.488000,3066.928000,3266.496000,2974.752000,2995.672000,2982.904000,2751.040000,2959.880000,3415.280000,3066.304000,2791.920000,3557.080000,2912.576000,3205.096000,3199.120000,2903.648000,3318.576000,3132.464000,3045.192000,3116.120000,3059.736000,3195.696000,2885.352000,2912.072000,3011.664000,2947.640000],[4354.576000,4278.408000,4252.272000,4480.512000,4607.768000,4243.736000,4585.768000,4362.952000,4206.336000,4524.392000,4191.880000,3976.800000,4540.568000,4130.272000,4116.344000,4527.648000,4572.744000,4665.416000,4640.984000,4762.696000,4394.912000,4502.288000,4515.296000,4918.880000,4425.160000,4513.680000,4587.104000,4300.144000,4417.112000,4281.912000],[6546.096000,5964.072000,5540.240000,6095.312000,6146.224000,6399.144000,6581.720000,5849.264000,6264.112000,5960.152000,5972.240000,5850.176000,6378.328000,6497.056000,6031.128000,6786.168000,6390.368000,6263.016000,6653.464000,6005.256000,6354.752000,6336.880000,6534.760000,6511.184000,6285.136000,6638.312000,6670.880000,6299.184000,5909.672000,5822.720000],[7866.752000,7742.520000,7688.720000,7632.288000,7614.296000,7615.440000,8352.832000,7638.056000,7286.888000,7484.848000,7254.384000,7540.728000,8175.168000,7648.976000,7989.872000,8035.880000,7877.568000,7668.536000,7894.432000,7645.944000,7763.096000,7970.680000,7666.872000,8163.640000,7679.952000,8452.288000,8046.672000,7618.048000,7279.696000,7517.112000]]
miss_All=[[323,297,281,512,289,47,337,129,231,195,455,80,426,611,120,418,158,335,132,91,602,701,249,265,101,304,83,244,187,378],[1258,654,1266,1278,1338,1219,1283,1044,992,905,1323,1191,779,1329,1041,1043,1097,920,980,1192,1348,1320,1322,1077,1079,1314,1302,1242,1268,983],[1798,1833,1778,1820,1819,1761,1811,1764,1848,1612,1827,1781,1761,1787,1770,1779,1839,1776,1734,1732,1834,1797,1834,1638,1773,1780,1780,1872,1800,1770],[2206,2292,2253,2208,2179,2141,2227,2207,2243,2143,2256,2151,2270,2239,2246,2194,2278,2217,2178,2145,2242,2205,2181,2171,2170,2207,2214,2248,2175,2196]]
ExeT=(3058.5247999999997,4429.285333333333,6251.233866666668,7760.406133333333,)
miss=(286,1146,1783,2209,)
mean_misspercent=(29.528833208592197,80.58733018342562,92.33774287668595,94.03057110168017,)
mean_missinduced=(543,19242,50437,64819,)
