ExeT_All=[[3379.672000,3027.432000,3047.752000,3082.896000,3042.848000,3255.808000,3374.320000,3080.744000,3110.264000,3251.856000,2854.720000,3053.512000,3476.976000,3133.360000,2982.888000,3882.616000,2937.784000,3321.400000,3290.072000,2970.584000,3571.592000,3356.016000,3100.136000,3180.896000,3084.248000,3228.320000,3035.608000,3079.000000,3086.264000,2994.328000],[4812.976000,4523.872000,4578.120000,4707.320000,4865.832000,4592.784000,4768.520000,4548.552000,4357.000000,4729.640000,4421.456000,4447.720000,4784.576000,4879.936000,4688.840000,4973.112000,4720.544000,4965.224000,5029.872000,4897.448000,4801.264000,4854.952000,4803.240000,5238.520000,4638.288000,4921.256000,4877.720000,4606.904000,4698.856000,4558.328000],[6985.928000,6276.760000,5995.504000,6619.816000,6645.480000,6776.480000,6826.768000,6138.056000,6472.456000,6313.848000,6298.880000,6200.144000,6738.848000,7010.912000,6722.352000,7261.200000,6560.680000,6666.536000,7120.288000,6305.328000,6939.632000,6750.312000,6854.080000,6987.416000,6654.584000,7324.856000,6976.512000,6790.128000,6299.424000,6197.088000],[8579.688000,8244.400000,8322.136000,8409.320000,8373.000000,8187.400000,8741.152000,8209.560000,7807.952000,8105.528000,7838.696000,8047.840000,8700.720000,8432.336000,8573.448000,8743.232000,8290.816000,8587.712000,8679.328000,8283.088000,8593.680000,8588.648000,8270.752000,8945.480000,8400.160000,9101.480000,8716.152000,8297.456000,7842.736000,8094.192000]]
miss_All=[[433,313,290,534,359,68,385,143,248,180,460,83,415,709,113,498,174,360,171,108,710,683,285,256,114,312,90,258,279,404],[1368,973,1363,1370,1425,1385,1383,1207,1169,1010,1410,1361,848,1432,1170,1134,1204,1007,1034,1313,1441,1432,1403,1197,1189,1413,1381,1383,1366,1067],[1915,1976,1915,1969,1971,1915,1945,1872,1961,1771,1953,1876,1901,1932,1929,1898,1947,1912,1911,1850,1974,1938,1954,1785,1913,1940,1911,1973,1921,1832],[2410,2496,2451,2444,2472,2396,2415,2440,2452,2375,2467,2326,2485,2445,2437,2377,2449,2414,2436,2360,2469,2445,2426,2393,2400,2440,2446,2440,2408,2418]]
ExeT=(3175.7970666666665,4743.089066666667,6657.0098666666645,8400.269600000001,)
miss=(314,1261,1915,2427,)
mean_misspercent=(31.58529908700172,83.51583319014873,93.58412228519508,95.24678928937229,)
mean_missinduced=(0,0,0,0,)
