ExeT_All=[[3115.528000,2985.224000,2943.552000,3055.104000,2979.144000,3069.424000,3258.192000,2978.664000,3000.336000,2992.856000,2780.224000,2948.232000,3408.712000,3055.768000,2776.016000,3555.000000,2905.352000,3205.328000,3216.792000,2899.456000,3320.312000,3119.072000,3036.232000,3109.160000,3048.912000,3201.880000,2888.344000,2910.584000,3018.032000,2945.944000],[4359.776000,4282.616000,4249.384000,4436.456000,4621.328000,4293.168000,4577.440000,4359.840000,4215.824000,4507.912000,4180.112000,3970.792000,4546.904000,4390.400000,4110.008000,4536.464000,4590.608000,4564.144000,4634.696000,4789.368000,4392.392000,4486.912000,4516.864000,4900.624000,4430.064000,4506.512000,4600.600000,4359.744000,4421.424000,4285.608000],[6559.928000,5949.320000,5600.760000,6250.688000,6239.432000,6450.472000,6640.736000,5839.176000,6339.152000,6063.168000,6003.256000,5997.200000,6420.712000,6518.784000,6021.624000,6802.864000,6407.416000,6454.888000,6582.776000,6065.848000,6358.864000,6309.152000,6563.952000,6532.272000,6345.920000,6913.728000,6700.728000,6342.400000,5887.016000,5823.312000],[7943.856000,7779.952000,7681.568000,7854.536000,7788.624000,7695.368000,8396.184000,7659.208000,7414.544000,7577.064000,7275.632000,7611.080000,8215.408000,7767.416000,7833.464000,8032.944000,7859.712000,7844.944000,7860.288000,7619.896000,7876.056000,8006.208000,7747.176000,8447.240000,7761.568000,8522.176000,8174.176000,7758.544000,7325.416000,7594.440000]]
miss_All=[[314,293,275,510,324,47,333,111,230,161,454,86,408,604,112,407,158,316,133,82,608,694,250,249,99,302,85,243,300,375],[1262,631,1262,1275,1339,1211,1281,1059,1005,909,1331,1190,783,1358,1034,1043,1048,909,969,1188,1351,1320,1320,1088,1096,1321,1312,1163,1271,992],[1812,1839,1796,1847,1833,1779,1819,1773,1873,1628,1860,1771,1786,1827,1775,1794,1840,1797,1737,1759,1848,1799,1849,1656,1799,1827,1803,1868,1801,1768],[2217,2333,2282,2263,2224,2193,2270,2240,2283,2150,2313,2187,2286,2288,2274,2219,2270,2262,2210,2146,2267,2247,2213,2226,2223,2245,2294,2319,2214,2219]]
ExeT=(3057.5792000000006,4437.266133333334,6299.518133333333,7830.822933333334,)
miss=(285,1144,1798,2245,)
mean_misspercent=(29.45013198621027,80.2484650784372,92.35040375576929,94.09552242366156,)
mean_missinduced=(517,19577,50921,65953,)
